output/tables/Kasen/blue.dat
# %ECSV 1.0
# ---
# datatype:
# - {name: time, datatype: float64}
# - {name: wfc3_uvis1_f200lp, datatype: float64}
# - {name: wfc3_uvis1_f300x, datatype: float64}
# - {name: wfc3_uvis1_f350lp, datatype: float64}
# - {name: wfc3_uvis1_f475x, datatype: float64}
# - {name: wfc3_uvis1_f600lp, datatype: float64}
# - {name: wfc3_uvis1_f850lp, datatype: float64}
# - {name: wfc3_uvis1_f218w, datatype: float64}
# - {name: wfc3_uvis1_f225w, datatype: float64}
# - {name: wfc3_uvis1_f275w, datatype: float64}
# - {name: wfc3_uvis1_f336w, datatype: float64}
# - {name: wfc3_uvis1_f390w, datatype: float64}
# - {name: wfc3_uvis1_f438w, datatype: float64}
# - {name: wfc3_uvis1_f475w, datatype: float64}
# - {name: wfc3_uvis1_f555w, datatype: float64}
# - {name: wfc3_uvis1_f606w, datatype: float64}
# - {name: wfc3_uvis1_f625w, datatype: float64}
# - {name: wfc3_uvis1_f775w, datatype: float64}
# - {name: wfc3_uvis1_f814w, datatype: float64}
# - {name: wfc3_ir_f105w, datatype: float64}
# - {name: wfc3_ir_f110w, datatype: float64}
# - {name: wfc3_ir_f125w, datatype: float64}
# - {name: wfc3_ir_f140w, datatype: float64}
# - {name: wfc3_ir_f160w, datatype: float64}
# - {name: jwst_nircam_f070w, datatype: float64}
# - {name: jwst_nircam_f090w, datatype: float64}
# - {name: jwst_nircam_f115w, datatype: float64}
# - {name: jwst_nircam_f150w, datatype: float64}
# - {name: jwst_nircam_f150w2, datatype: float64}
# - {name: jwst_nircam_f200w, datatype: float64}
# - {name: jwst_nircam_f277w, datatype: float64}
# - {name: jwst_nircam_f322w2, datatype: float64}
# - {name: jwst_nircam_f356w, datatype: float64}
# - {name: jwst_nircam_f444w, datatype: float64}
# - {name: jwst_miri_f0560w, datatype: float64}
# - {name: jwst_miri_f0770w, datatype: float64}
# - {name: jwst_miri_f1000w, datatype: float64}
# meta: !!omap
# - comment: [type = Kasen, name = blue, model = knova_d1_n50_m0.025_vk0.25_fd0.3_Xlan1e-6.0_vs0.32_ns12.0.h5]
# schema: astropy-2.0
time wfc3_uvis1_f200lp wfc3_uvis1_f300x wfc3_uvis1_f350lp wfc3_uvis1_f475x wfc3_uvis1_f600lp wfc3_uvis1_f850lp wfc3_uvis1_f218w wfc3_uvis1_f225w wfc3_uvis1_f275w wfc3_uvis1_f336w wfc3_uvis1_f390w wfc3_uvis1_f438w wfc3_uvis1_f475w wfc3_uvis1_f555w wfc3_uvis1_f606w wfc3_uvis1_f625w wfc3_uvis1_f775w wfc3_uvis1_f814w wfc3_ir_f105w wfc3_ir_f110w wfc3_ir_f125w wfc3_ir_f140w wfc3_ir_f160w jwst_nircam_f070w jwst_nircam_f090w jwst_nircam_f115w jwst_nircam_f150w jwst_nircam_f150w2 jwst_nircam_f200w jwst_nircam_f277w jwst_nircam_f322w2 jwst_nircam_f356w jwst_nircam_f444w jwst_miri_f0560w jwst_miri_f0770w jwst_miri_f1000w
[from data line 190]
7.525 -9.957 -4.379 -10.438 -10.074 -11.009 -10.748 -1.254 -1.823 -3.238 -5.708 -7.589 -8.725 -9.881 -10.458 -10.777 -10.938 -11.097 -11.037 -9.902 -9.608 -8.868 -8.714 -8.782 -11.057 -10.878 -9.224 -8.73 -10.14 -10.749 -9.588 -8.984 -7.431 -5.956 -6.461 -6.521 -6.578
7.575 -9.795 -4.22 -10.276 -9.937 -10.83 -10.539 -0.92 -1.245 -3.029 -5.588 -7.436 -8.568 -9.741 -10.323 -10.629 -10.786 -10.911 -10.848 -9.68 -9.396 -8.67 -8.515 -8.536 -10.879 -10.675 -9.025 -8.49 -9.959 -10.601 -9.391 -8.758 -6.941 -5.757 -6.243 -6.14 -6.323
7.625 -9.651 -4.101 -10.131 -9.815 -10.668 -10.32 -0.783 -1.344 -3.042 -5.447 -7.248 -8.401 -9.604 -10.205 -10.512 -10.674 -10.725 -10.655 -9.468 -9.181 -8.478 -8.315 -8.372 -10.73 -10.46 -8.812 -8.317 -9.771 -10.422 -9.158 -8.541 -6.863 -5.274 -6.476 -6.061 -6.127
7.675 -9.49 -3.966 -9.97 -9.692 -10.478 -10.093 -0.654 -1.16 -2.652 -5.374 -7.131 -8.244 -9.488 -10.081 -10.372 -10.521 -10.522 -10.45 -9.209 -8.923 -8.25 -8.041 -8.129 -10.543 -10.236 -8.543 -8.074 -9.59 -10.271 -8.915 -8.303 -6.671 -5.125 -5.783 -5.381 -6.264
7.725 -9.315 -3.836 -9.794 -9.554 -10.276 -9.87 -0.438 -0.803 -2.606 -5.23 -6.963 -8.04 -9.357 -9.944 -10.215 -10.357 -10.289 -10.225 -8.918 -8.668 -8.078 -7.909 -7.871 -10.336 -10.029 -8.263 -7.836 -9.395 -10.096 -8.711 -8.123 -6.66 -4.839 -5.995 -5.642 -5.093
7.775 -9.147 -3.541 -9.626 -9.405 -10.09 -9.62 -0.246 -0.683 -2.217 -4.962 -6.722 -7.801 -9.179 -9.801 -10.066 -10.213 -10.104 -10.025 -8.692 -8.433 -7.876 -7.695 -7.722 -10.156 -9.806 -8.094 -7.671 -9.218 -9.942 -8.395 -7.815 -6.365 -5.287 -5.788 -5.252 -6.201
7.825 -8.992 -3.57 -9.471 -9.279 -9.908 -9.411 -0.284 -0.912 -2.423 -4.906 -6.663 -7.678 -9.058 -9.671 -9.914 -10.049 -9.939 -9.855 -8.403 -8.152 -7.589 -7.427 -7.427 -9.98 -9.596 -7.738 -7.406 -9.015 -9.804 -8.223 -7.592 -5.669 -5.174 -5.224 -4.948 -5.253
7.875 -8.789 -3.388 -9.267 -9.104 -9.675 -9.153 0.128 -0.023 -1.963 -4.861 -6.503 -7.422 -8.853 -9.499 -9.735 -9.876 -9.674 -9.593 -8.151 -7.949 -7.484 -7.386 -7.398 -9.747 -9.358 -7.667 -7.344 -8.842 -9.613 -7.979 -7.397 -5.937 -4.188 -5.683 -5.018 -5.477
7.925 -8.596 -3.285 -9.074 -8.932 -9.46 -8.901 0.289 -0.326 -2.099 -4.702 -6.256 -7.254 -8.687 -9.328 -9.551 -9.683 -9.467 -9.378 -7.894 -7.658 -7.182 -6.945 -6.925 -9.54 -9.096 -7.412 -6.892 -8.613 -9.436 -7.625 -7.002 -5.295 -3.804 -4.686 -4.311 -5.738
7.975 -8.383 -3.248 -8.859 -8.768 -9.197 -8.604 0.503 0.129 -2.138 -4.605 -6.078 -6.995 -8.535 -9.163 -9.347 -9.455 -9.22 -9.134 -7.49 -7.363 -7.057 -6.842 -6.721 -9.268 -8.832 -7.168 -6.751 -8.403 -9.216 -7.373 -6.79 -5.437 -3.714 -5.378 -4.608 -5.39
8.025 -8.202 -2.93 -8.678 -8.597 -8.997 -8.409 0.709 0.219 -1.587 -4.451 -5.91 -6.781 -8.337 -8.995 -9.176 -9.296 -9.008 -8.925 -7.328 -7.175 -6.849 -6.672 -6.613 -9.066 -8.643 -6.957 -6.616 -8.209 -9.02 -7.086 -6.541 -5.332 -4.209 -4.896 -5.039 -5.22
8.075 -7.99 -2.834 -8.466 -8.409 -8.759 -8.095 0.894 0.865 -1.528 -4.322 -5.803 -6.639 -8.176 -8.803 -8.972 -9.07 -8.786 -8.677 -7.056 -6.918 -6.623 -6.424 -6.336 -8.842 -8.345 -6.752 -6.317 -8.005 -8.852 -7.009 -6.413 -4.806 -3.57 -4.736 -4.579 -4.667
8.125 -7.744 -2.725 -8.218 -8.2 -8.46 -7.844 1.098 0.864 -1.542 -4.153 -5.6 -6.397 -7.941 -8.591 -8.733 -8.838 -8.467 -8.381 -6.796 -6.638 -6.346 -6.065 -6.116 -8.522 -8.081 -6.474 -6.058 -7.742 -8.566 -6.722 -6.125 -4.521 -3.461 -4.499 -4.098 -4.468
8.175 -7.489 -2.5 -7.963 -7.975 -8.151 -7.35 1.367 0.753 -1.492 -3.688 -5.346 -6.058 -7.723 -8.367 -8.496 -8.58 -8.218 -8.087 -6.456 -6.332 -6.136 -5.819 -5.63 -8.205 -7.782 -6.219 -5.726 -7.491 -8.331 -6.448 -5.834 -4.08 -2.717 -4.832 -2.828 -5.223
8.225 -7.208 -2.436 -7.68 -7.725 -7.818 -7.001 1.44 1.069 -1.318 -3.77 -5.362 -6.064 -7.483 -8.106 -8.198 -8.277 -7.919 -7.785 -6.013 -5.829 -5.462 -5.409 -5.508 -7.867 -7.459 -5.66 -5.372 -7.117 -7.997 -5.972 -5.377 -3.655 -3.296 -4.565 -2.418 -4.626
8.275 -6.957 -2.241 -7.428 -7.523 -7.486 -6.64 1.761 1.506 -1.045 -3.633 -5.117 -5.699 -7.301 -7.907 -7.974 -8.008 -7.597 -7.466 -5.799 -5.589 -5.437 -5.099 -5.275 -7.543 -7.146 -5.642 -5.163 -6.967 -7.826 -5.728 -5.221 -4.138 -3.169 -3.945 -3.627 -4.978
8.325 -6.705 -2.38 -7.174 -7.244 -7.265 -6.53 1.789 2.032 -0.618 -3.861 -5.103 -5.674 -6.987 -7.614 -7.699 -7.777 -7.337 -7.225 -5.448 -5.372 -5.271 -5.042 -5.01 -7.325 -6.88 -5.362 -4.897 -6.699 -7.534 -5.365 -4.937 -4.133 -1.137 -3.424 -1.972 -4.333
8.375 -6.434 -2.258 -6.902 -6.986 -6.977 -6.284 2.166 1.888 -0.795 -3.671 -4.79 -5.13 -6.722 -7.365 -7.438 -7.499 -7.068 -6.959 -5.132 -5.124 -5.073 -4.872 -4.597 -7.004 -6.615 -5.104 -4.574 -6.337 -7.201 -4.821 -4.31 -3.105 1.329 -2.086 -2.826 -2.872
8.425 -6.113 -1.708 -6.581 -6.697 -6.609 -5.887 2.339 2.665 -0.24 -3.052 -4.715 -4.962 -6.413 -7.059 -7.141 -7.222 -6.587 -6.495 -4.844 -4.673 -4.546 -4.105 -4.339 -6.662 -6.16 -4.758 -4.265 -6.044 -6.969 -4.816 -4.235 -2.501 1.656 -2.75 -0.091 -2.713
8.475 -5.757 -1.64 -6.222 -6.365 -6.2 -5.384 2.626 2.665 -0.289 -2.962 -4.349 -4.79 -6.125 -6.726 -6.787 -6.829 -6.267 -6.113 -4.507 -4.505 -4.396 -4.086 -3.8 -6.219 -5.83 -4.651 -3.583 -5.638 -6.532 -4.191 -3.729 -2.77 2.056 -2.695 2.32 -1.259
8.525 -5.372 -1.607 -5.833 -5.994 -5.772 -4.796 2.688 2.732 -0.038 -2.921 -4.408 -4.659 -5.733 -6.32 -6.348 -6.382 -5.99 -5.812 -3.762 -3.725 -3.501 -3.57 -4.019 -5.775 -5.4 -3.867 -3.807 -5.322 -6.371 -4.252 -3.603 -1.454 2.349 nan nan -2.541
8.575 -5.176 -1.678 -5.633 -5.796 -5.543 -4.56 2.943 2.526 -0.362 -3.145 -4.172 -4.391 -5.555 -6.129 -6.143 -6.177 -5.774 -5.597 -3.317 -3.551 -3.623 -3.498 -3.636 -5.5 -5.327 -3.59 -3.686 -5.06 -6.135 -3.879 -3.283 -1.496 2.605 -3.204 nan nan
8.625 -4.843 -1.101 -5.301 -5.48 -5.193 -3.786 3.098 3.835 0.656 -2.544 -4.123 -4.394 -5.234 -5.774 -5.794 -5.84 -5.375 -5.157 -3.062 -3.012 -2.889 -2.652 -2.867 -5.179 -4.823 -3.304 -2.604 -4.652 -5.782 -3.396 -2.714 0.325 2.922 nan 0.531 2.099
8.675 -4.498 -1.076 -4.952 -5.158 -4.726 -3.738 3.453 3.046 0.342 -2.639 -3.831 -3.956 -4.902 -5.463 -5.439 -5.438 -5.062 -4.882 -2.984 -2.768 -2.447 -2.056 -2.23 -4.799 -4.415 -2.977 -1.996 -4.361 -5.402 -3.099 -2.575 -1.236 3.212 -2.664 2.586 1.913
8.725 -4.181 -0.899 -4.633 -4.773 -4.523 -3.285 2.715 1.425 1.069 -2.218 -3.909 -3.884 -4.52 -5.016 -5.027 -5.064 -4.79 -4.591 -2.392 -2.431 -2.458 -2.399 -2.62 -4.638 -4.113 -2.547 -2.488 -4.047 -4.94 -0.965 -1.203 -1.256 3.736 nan 0.394 -3.468
8.775 -3.89 -0.906 -4.329 -4.573 -4.022 -3.207 3.63 4.35 1.088 -2.241 -3.627 -3.675 -4.343 -4.812 -4.811 -4.838 -4.094 -3.958 -2.268 -2.055 -1.995 -0.736 -0.842 -4.099 -3.665 -2.524 -0.587 -3.661 -4.64 -2.463 -1.768 3.964 3.874 nan 2.591 1.918
8.825 -3.65 -0.947 -4.084 -4.242 -3.912 -2.966 4.008 4.421 1.157 -2.423 -3.389 -3.293 -4.04 -4.483 -4.484 -4.472 -4.192 -4.025 -2.501 -2.217 -2.349 -1.403 -1.538 -4.027 -3.294 -2.402 -1.369 -3.475 -4.36 -0.94 -0.375 4.556 4.072 nan nan nan
8.875 -3.279 -0.486 -3.714 -3.895 -3.492 -2.812 4.211 5.189 5.062 -2.15 -3.159 -2.948 -3.692 -4.103 -4.092 -4.055 -3.767 -3.678 -1.713 -1.528 -1.704 -1.321 -1.197 -3.474 -3.359 -1.249 -1.47 -3.092 -3.944 -1.072 -1.207 -1.25 4.654 nan nan nan
8.925 -3.009 -0.1 -3.448 -3.7 -2.927 -1.741 4.175 5.472 2.751 -1.533 -3.289 -3.005 -3.448 -3.845 -3.874 -3.943 -2.924 -2.726 -1.875 -1.761 -1.649 -1.244 -0.66 -2.956 -2.892 -2.215 -0.397 -3.032 -3.613 -2.252 -1.901 -1.459 3.072 -1.762 -1.917 7.396
8.975 -2.84 -0.485 -3.251 -3.581 -2.639 -1.246 4.119 5.165 2.123 -2.223 -2.823 -2.996 -3.499 -3.778 -3.786 -3.718 -2.422 -2.149 -1.336 -1.181 -0.921 -0.157 5.678 -2.813 -2.195 -0.771 -0.365 -2.548 -3.375 -0.983 -1.182 -1.292 -1.179 nan nan nan
9.025 -2.418 0.234 -2.846 -3.136 -2.367 -1.339 4.529 5.986 5.574 -1.396 -2.674 -2.474 -2.912 -3.241 -3.214 -3.154 -2.644 -2.525 7.972 7.494 12.714 8.656 7.716 -2.265 -1.952 8.632 8.688 -1.664 -3.024 8.679 3.043 5.974 5.698 nan nan nan
9.075 -2.392 -0.065 -2.799 -3.138 -2.28 -2.296 4.241 5.77 4.944 -1.926 -2.832 -2.765 -3.098 -3.174 -3.118 -2.904 -2.004 -2.21 -0.537 -0.548 -0.786 0.144 7.288 -2.188 -2.052 -0.868 9.467 -1.174 -1.41 -0.535 0.037 6.237 6.706 nan nan nan
9.125 -2.258 -0.21 -2.653 -2.911 -2.268 -0.912 4.35 4.762 1.275 -1.33 -3.048 -2.693 -2.645 -2.748 -2.893 -2.944 -2.168 -1.903 0.355 -0.043 -0.057 0.149 7.889 -2.397 -1.455 -0.106 9.663 -1.133 -2.235 8.83 3.179 5.921 6.532 nan nan nan
9.175 -1.899 0.308 -2.305 -2.397 -2.252 0.03 5.379 6.007 5.037 -1.169 -2.106 -1.883 -2.092 -2.473 -2.678 -2.812 -2.387 -2.048 0.268 0.533 -0.034 1.89 8.96 -2.367 -0.091 -0.122 9.265 -1.007 -1.911 -0.966 -0.282 6.606 6.538 nan nan nan
9.225 -1.613 -0.008 -1.964 -2.197 -1.599 -1.975 4.988 5.696 2.83 -1.644 -2.143 -2.19 -1.959 -2.074 -2.096 -2.215 -1.602 -1.811 1.334 0.761 12.001 8.743 7.838 -1.207 -1.756 9.049 9.021 -1.048 -2.443 9.505 3.808 6.976 6.544 nan nan nan
9.275 -1.716 0.515 -2.129 -2.256 -1.992 -1.812 5.241 6.55 7.024 -1.438 -2.254 -2.081 -1.762 -2.17 -2.404 -2.648 -1.597 -1.676 0.699 1.262 12.176 0.329 -0.608 -2.071 -1.708 6.208 -0.426 -1.341 -2.143 -1.582 -0.945 0.635 6.321 nan nan nan
9.325 -1.246 0.253 -1.596 -1.63 -1.407 -0.523 5.799 6.421 7.151 -1.649 -1.92 -1.238 -1.029 -1.515 -1.614 -1.772 -1.821 -1.55 -0.295 -0.409 -0.161 0.04 7.788 -1.123 -1.62 6.22 2.743 -1.138 -2.128 -0.68 0.011 6.861 6.375 nan nan nan
9.375 -1.05 1.043 -1.449 -1.603 -1.228 3.511 5.751 7.163 7.83 -0.87 -1.579 -1.511 -1.124 -1.497 -1.682 -2.01 -1.299 -0.888 10.03 15.154 14.177 10.224 9.079 -1.346 -0.462 10.687 10.515 0.641 -0.634 10.123 4.446 7.649 8.406 nan nan nan
9.425 -0.932 0.799 -1.311 -1.536 -0.654 10.545 6.091 7.071 8.015 -1.075 -1.818 -1.307 -1.033 -1.347 -1.472 -1.59 -0.959 -0.523 11.207 17.19 16.37 10.904 10.198 -0.904 0.467 9.533 9.355 -0.491 -1.936 10.154 4.57 7.725 7.239 nan nan nan
9.475 -0.988 0.525 -1.33 -1.832 0.569 2.984 5.505 5.897 2.001 -0.877 -1.864 -1.971 -1.57 -1.552 -1.446 -1.452 0.359 0.638 -0.023 0.516 8.186 9.703 9.02 1.158 0.461 -0.055 10.459 0.124 -0.635 10.152 4.478 7.68 8.411 nan nan nan
9.525 -1.142 0.617 -1.507 -1.859 -0.777 6.409 4.992 6.397 3.962 -0.952 -2.223 -2.31 -1.834 -1.388 -1.218 -1.244 -0.928 -0.647 10.195 15.741 15.557 10.197 9.218 -0.764 -0.278 9.969 9.991 -0.124 -1.13 9.881 4.373 7.547 7.555 nan nan nan
9.575 0.175 2.593 -0.243 -0.394 0.164 8.956 6.66 8.768 9.59 0.891 -0.889 -0.787 -0.216 0.117 -0.038 -0.1 -0.549 -0.266 0.073 0.609 0.044 7.138 9.087 0.357 0.483 -0.071 13.456 1.257 13.12 11.208 5.458 8.815 11.218 nan nan nan
9.625 -0.791 1.57 -1.2 -1.509 -0.626 3.73 5.197 7.711 8.006 -0.55 -1.823 -2.196 -1.574 -1.008 -0.763 -0.694 -1.392 -1.123 9.757 15.257 14.486 9.628 8.787 0.775 -0.813 13.363 14.413 2.029 14.275 10.4 4.651 7.876 10.41 nan nan nan
9.675 -0.6 0.805 -0.929 -0.945 -0.73 2.397 6.132 6.954 7.919 -1.152 -1.09 -1.031 -0.884 -0.898 -1.142 -1.197 -0.958 -0.682 10.866 15.344 15.075 11.06 9.943 -0.91 -0.442 7.26 8.704 -0.309 -0.656 -0.73 0.03 7.323 7.396 nan nan nan
9.725 0.322 3.859 -0.087 -0.592 1.075 15.057 5.566 9.267 8.636 11.908 -1.3 -1.561 -0.66 1.377 1.288 0.791 0.106 0.409 nan nan nan nan nan 0.615 8.005 15.143 15.623 3.478 16.549 11.617 5.867 9.092 11.627 nan nan nan
9.775 -0.323 1.114 -0.67 -1.063 7.728 14.097 6.066 7.172 6.319 -0.917 -1.306 -1.465 -1.122 -0.984 -0.576 -0.369 12.875 14.727 nan nan nan nan nan 9.889 8.686 10.931 10.863 0.606 -0.614 10.984 5.233 8.42 8.337 nan nan nan
9.825 -0.122 1.964 -0.519 -0.83 0.514 -0.235 5.594 8.255 8.335 -0.236 -1.433 -1.551 -0.712 0.018 -0.253 -0.699 10.144 0.909 9.037 7.737 14.322 10.986 9.991 0.718 0.389 11.409 11.384 0.66 -0.574 10.729 5.359 8.343 7.871 nan nan nan
9.875 0.261 2.374 -0.133 -0.333 0.248 14.9 6.666 8.469 9.212 0.257 -0.278 -0.47 -0.314 -0.287 -0.409 -0.384 0.103 0.406 nan nan nan nan nan -0.016 8.767 11.168 11.309 0.609 9.342 8.344 5.777 8.924 8.658 nan nan nan
9.925 -0.121 2.274 -0.541 -0.623 -0.244 14.562 5.755 8.519 9.284 -0.103 -1.217 -1.393 -0.511 0.077 -0.568 -1.011 0.104 0.409 nan nan nan nan nan -0.535 9.3 13.528 15.024 3.339 15.649 11.167 5.417 8.642 11.177 nan nan nan
9.975 0.076 1.529 -0.286 -0.326 -0.028 12.058 7.581 7.925 9.787 -0.72 -0.022 -0.212 -0.228 -0.575 -0.384 -0.485 -0.481 -0.224 13.75 20.174 19.407 13.819 12.735 -0.086 0.847 11.288 11.626 0.698 10.392 7.636 5.503 8.709 8.848 nan nan nan
10.025 0.526 1.558 0.217 0.051 14.58 14.881 6.443 8.201 9.436 -0.749 -0.859 -0.605 -0.286 0.502 5.847 15.687 13.902 15.579 nan nan nan nan nan 12.136 8.642 15.575 16.271 2.685 17.29 11.806 6.056 9.281 11.816 nan nan nan
10.075 0.96 2.348 0.627 1.19 0.492 12.209 7.551 8.657 10.278 0.522 -0.294 0.248 1.374 8.043 10.824 13.519 -0.486 -0.227 13.824 20.248 19.481 13.893 12.808 0.601 0.92 15.104 15.703 3.194 15.714 12.063 6.314 9.539 12.073 nan nan nan
10.125 0.623 3.52 0.18 0.515 -0.313 15.381 7.187 9.576 10.855 1.713 -0.198 -0.055 0.806 0.761 -0.225 -0.699 13.922 15.778 nan nan nan nan nan -0.628 11.641 12.509 16.103 4.003 16.346 11.917 6.167 9.392 11.927 nan nan nan
10.175 0.47 2.466 0.1 -0.161 0.894 15.089 6.365 8.612 8.943 0.954 -0.753 -0.762 0.141 0.546 0.127 -0.384 13.683 15.511 nan nan nan nan nan 0.781 8.119 13.037 16.084 2.878 16.764 11.77 6.021 9.246 11.781 nan nan nan
10.225 0.819 2.926 0.399 0.955 0.102 -0.195 7.684 9.195 10.885 0.476 -0.345 -0.092 0.764 2.258 1.342 0.828 0.188 -0.087 9.076 7.776 14.361 11.025 10.03 -0.047 0.429 13.028 15.352 3.582 15.771 11.902 6.152 9.377 11.912 nan nan nan
10.275 1.307 4.332 0.891 0.519 1.93 -0.078 7.181 10.021 10.678 5.359 0.006 -0.152 0.156 1.126 1.392 9.464 14.425 1.214 0.673 1.242 13.749 10.8 9.977 11.459 0.353 16.241 15.706 4.67 15.334 12.345 6.595 9.82 12.355 nan nan nan
10.325 1.687 7.003 1.25 0.944 1.149 16.357 7.679 11.002 10.803 16.771 1.075 -0.085 0.777 1.685 1.342 0.828 14.937 16.375 nan nan nan nan nan 0.813 13.449 13.195 16.845 8.1 17.693 13.029 7.279 10.504 13.039 nan nan nan
10.375 1.507 7.047 1.034 1.497 0.276 -0.87 7.672 10.258 11.188 16.514 1.102 0.718 1.574 2.145 1.296 0.793 7.846 0.194 8.7 8.836 14.337 10.313 9.297 0.813 -0.314 13.02 16.351 6.92 15.994 12.35 6.6 9.825 12.36 nan nan nan
10.425 3.009 7.807 2.611 1.903 16.751 17.548 8.536 12.09 12.336 18.072 1.151 0.666 1.532 8.868 14.448 18.024 16.202 17.337 nan nan nan nan nan 18.394 17.346 18.671 18.751 9.587 19.256 14.369 8.619 11.844 14.379 nan nan nan
10.475 2.434 4.181 2.071 1.87 16.473 16.784 8.917 10.654 11.633 1.75 1.103 0.661 1.499 3.82 13.71 17.592 15.777 17.375 nan nan nan nan nan 17.024 17.924 17.408 17.656 4.79 18.621 13.703 7.954 11.179 13.714 nan nan nan
10.525 1.584 3.291 1.19 2.283 1.045 15.695 9.11 9.839 12.697 1.512 0.185 8.282 14.53 3.848 1.271 0.795 10.626 15.421 nan nan nan nan nan 0.703 15.664 15.457 16.403 3.531 17.592 12.786 7.037 10.262 12.796 nan nan nan
10.575 1.315 7.04 0.86 1.012 0.327 15.755 7.772 10.749 11.257 15.215 0.397 -0.088 0.778 2.546 0.537 0.06 7.569 12.81 nan nan nan nan nan 0.001 15.198 14.829 16.228 7.991 16.671 12.625 6.875 10.1 12.635 nan nan nan
10.625 3.288 5.343 2.929 2.27 17.118 17.287 9.672 11.656 9.975 16.738 1.331 4.51 8.136 12.256 17.534 17.937 16.852 19.035 nan nan nan nan nan 17.477 18.28 18.023 18.806 4.803 20.801 14.537 8.787 12.012 14.547 nan nan nan
10.675 2.212 8.409 1.796 1.081 15.934 16.683 9.477 11.507 11.39 17.375 9.359 -0.096 0.627 0.793 9.906 17.213 15.413 16.661 nan nan nan nan nan 16.805 18.075 18.348 18.486 9.812 18.844 13.597 7.847 11.072 13.607 nan nan nan
10.725 2.399 5.067 2.016 1.316 16.235 16.765 8.928 11.057 11.044 13.15 1.298 0.633 1.485 2.595 13.335 17.298 15.772 17.308 nan nan nan nan nan 16.829 17.934 17.488 17.626 4.788 18.673 13.7 7.95 11.175 13.71 nan nan nan
10.775 nan nan nan nan nan nan nan nan nan nan nan nan nan nan nan nan nan nan nan nan nan nan nan nan nan nan nan nan nan nan nan nan nan nan nan nan
10.825 nan nan nan nan nan nan nan nan nan nan nan nan nan nan nan nan nan nan nan nan nan nan nan nan nan nan nan nan nan nan nan nan nan nan nan nan
10.875 nan nan nan nan nan nan nan nan nan nan nan nan nan nan nan nan nan nan nan nan nan nan nan nan nan nan nan nan nan nan nan nan nan nan nan nan
