output/tables/Kasen/blue.dat
# %ECSV 1.0
# ---
# datatype:
# - {name: time, datatype: float64}
# - {name: wfc3_uvis1_f200lp, datatype: float64}
# - {name: wfc3_uvis1_f300x, datatype: float64}
# - {name: wfc3_uvis1_f350lp, datatype: float64}
# - {name: wfc3_uvis1_f475x, datatype: float64}
# - {name: wfc3_uvis1_f600lp, datatype: float64}
# - {name: wfc3_uvis1_f850lp, datatype: float64}
# - {name: wfc3_uvis1_f218w, datatype: float64}
# - {name: wfc3_uvis1_f225w, datatype: float64}
# - {name: wfc3_uvis1_f275w, datatype: float64}
# - {name: wfc3_uvis1_f336w, datatype: float64}
# - {name: wfc3_uvis1_f390w, datatype: float64}
# - {name: wfc3_uvis1_f438w, datatype: float64}
# - {name: wfc3_uvis1_f475w, datatype: float64}
# - {name: wfc3_uvis1_f555w, datatype: float64}
# - {name: wfc3_uvis1_f606w, datatype: float64}
# - {name: wfc3_uvis1_f625w, datatype: float64}
# - {name: wfc3_uvis1_f775w, datatype: float64}
# - {name: wfc3_uvis1_f814w, datatype: float64}
# - {name: wfc3_ir_f105w, datatype: float64}
# - {name: wfc3_ir_f110w, datatype: float64}
# - {name: wfc3_ir_f125w, datatype: float64}
# - {name: wfc3_ir_f140w, datatype: float64}
# - {name: wfc3_ir_f160w, datatype: float64}
# - {name: jwst_nircam_f070w, datatype: float64}
# - {name: jwst_nircam_f090w, datatype: float64}
# - {name: jwst_nircam_f115w, datatype: float64}
# - {name: jwst_nircam_f150w, datatype: float64}
# - {name: jwst_nircam_f150w2, datatype: float64}
# - {name: jwst_nircam_f200w, datatype: float64}
# - {name: jwst_nircam_f277w, datatype: float64}
# - {name: jwst_nircam_f322w2, datatype: float64}
# - {name: jwst_nircam_f356w, datatype: float64}
# - {name: jwst_nircam_f444w, datatype: float64}
# - {name: jwst_miri_f0560w, datatype: float64}
# - {name: jwst_miri_f0770w, datatype: float64}
# - {name: jwst_miri_f1000w, datatype: float64}
# meta: !!omap
# - comment: [type = Kasen, name = blue, model = knova_d1_n50_m0.025_vk0.25_fd0.3_Xlan1e-6.0_vs0.32_ns12.0.h5]
# schema: astropy-2.0
time wfc3_uvis1_f200lp wfc3_uvis1_f300x wfc3_uvis1_f350lp wfc3_uvis1_f475x wfc3_uvis1_f600lp wfc3_uvis1_f850lp wfc3_uvis1_f218w wfc3_uvis1_f225w wfc3_uvis1_f275w wfc3_uvis1_f336w wfc3_uvis1_f390w wfc3_uvis1_f438w wfc3_uvis1_f475w wfc3_uvis1_f555w wfc3_uvis1_f606w wfc3_uvis1_f625w wfc3_uvis1_f775w wfc3_uvis1_f814w wfc3_ir_f105w wfc3_ir_f110w wfc3_ir_f125w wfc3_ir_f140w wfc3_ir_f160w jwst_nircam_f070w jwst_nircam_f090w jwst_nircam_f115w jwst_nircam_f150w jwst_nircam_f150w2 jwst_nircam_f200w jwst_nircam_f277w jwst_nircam_f322w2 jwst_nircam_f356w jwst_nircam_f444w jwst_miri_f0560w jwst_miri_f0770w jwst_miri_f1000w
[from data line 133]
4.675 -12.329 -7.231 -12.815 -12.047 -13.583 -13.835 -3.862 -4.454 -6.07 -8.562 -10.248 -11.122 -11.836 -12.393 -12.859 -13.084 -13.739 -13.787 -13.398 -13.072 -12.439 -12.028 -11.954 -13.473 -13.864 -12.935 -11.944 -12.826 -12.954 -12.14 -11.527 -9.824 -8.365 -7.697 -8.153 -8.54
4.725 -12.306 -7.211 -12.792 -12.024 -13.559 -13.81 -3.845 -4.436 -5.989 -8.558 -10.231 -11.096 -11.802 -12.37 -12.838 -13.066 -13.715 -13.762 -13.368 -13.037 -12.383 -11.974 -11.916 -13.446 -13.841 -12.896 -11.899 -12.796 -12.931 -12.133 -11.516 -9.801 -8.359 -7.812 -7.965 -8.255
4.775 -12.287 -7.178 -12.773 -12.004 -13.541 -13.788 -3.764 -4.265 -5.965 -8.526 -10.211 -11.081 -11.789 -12.349 -12.82 -13.046 -13.695 -13.744 -13.332 -13.002 -12.351 -11.94 -11.878 -13.43 -13.817 -12.86 -11.861 -12.768 -12.91 -12.092 -11.479 -9.793 -8.423 -7.852 -8.054 -8.366
4.825 -12.261 -7.14 -12.747 -11.981 -13.514 -13.749 -3.873 -4.37 -5.85 -8.515 -10.19 -11.069 -11.774 -12.326 -12.794 -13.017 -13.673 -13.716 -13.299 -12.972 -12.33 -11.906 -11.826 -13.406 -13.785 -12.827 -11.817 -12.744 -12.889 -12.09 -11.472 -9.736 -8.236 -7.842 -7.955 -8.344
4.875 -12.241 -7.119 -12.727 -11.963 -13.493 -13.73 -3.878 -4.394 -5.839 -8.481 -10.169 -11.059 -11.752 -12.308 -12.776 -13.002 -13.65 -13.694 -13.273 -12.943 -12.301 -11.873 -11.807 -13.387 -13.763 -12.794 -11.793 -12.719 -12.869 -12.063 -11.443 -9.69 -8.29 -7.729 -7.872 -8.171
4.925 -12.219 -7.12 -12.705 -11.945 -13.47 -13.706 -3.819 -4.39 -5.969 -8.44 -10.127 -11.025 -11.735 -12.291 -12.757 -12.982 -13.624 -13.669 -13.253 -12.92 -12.274 -11.838 -11.771 -13.362 -13.741 -12.779 -11.759 -12.709 -12.86 -12.086 -11.467 -9.723 -8.176 -8.058 -7.984 -7.955
4.975 -12.196 -7.091 -12.682 -11.92 -13.448 -13.677 -3.719 -4.347 -5.923 -8.438 -10.108 -10.999 -11.709 -12.267 -12.734 -12.959 -13.607 -13.649 -13.214 -12.88 -12.223 -11.8 -11.751 -13.344 -13.712 -12.735 -11.733 -12.684 -12.852 -12.057 -11.434 -9.665 -8.258 -7.834 -7.932 -8.37
5.025 -12.182 -7.047 -12.667 -11.915 -13.43 -13.652 -3.867 -4.389 -5.914 -8.348 -10.103 -10.997 -11.702 -12.262 -12.725 -12.95 -13.587 -13.628 -13.192 -12.857 -12.194 -11.76 -11.699 -13.328 -13.689 -12.714 -11.683 -12.655 -12.816 -12.029 -11.409 -9.666 -8.247 -7.889 -7.989 -8.334
5.075 -12.154 -7.014 -12.64 -11.89 -13.402 -13.626 -3.744 -4.243 -5.779 -8.358 -10.075 -10.97 -11.681 -12.236 -12.697 -12.92 -13.56 -13.601 -13.161 -12.826 -12.163 -11.732 -11.681 -13.299 -13.665 -12.681 -11.667 -12.642 -12.816 -12.034 -11.417 -9.7 -8.325 -7.91 -7.966 -8.274
5.125 -12.133 -6.973 -12.619 -11.868 -13.381 -13.607 -3.811 -4.231 -5.722 -8.328 -10.062 -10.956 -11.661 -12.213 -12.675 -12.897 -13.538 -13.58 -13.134 -12.8 -12.129 -11.702 -11.646 -13.278 -13.645 -12.652 -11.63 -12.615 -12.792 -12.014 -11.398 -9.71 -8.155 -7.691 -7.956 -8.198
5.175 -12.116 -6.932 -12.602 -11.857 -13.362 -13.583 -3.668 -4.121 -5.706 -8.252 -10.041 -10.938 -11.651 -12.203 -12.66 -12.882 -13.52 -13.561 -13.105 -12.772 -12.09 -11.675 -11.623 -13.261 -13.624 -12.613 -11.615 -12.596 -12.788 -12.012 -11.395 -9.691 -8.234 -7.624 -7.635 -8.205
5.225 -12.093 -6.893 -12.578 -11.835 -13.338 -13.564 -3.647 -4.043 -5.548 -8.25 -10.004 -10.922 -11.627 -12.181 -12.639 -12.862 -13.492 -13.535 -13.08 -12.745 -12.064 -11.639 -11.59 -13.236 -13.602 -12.581 -11.573 -12.573 -12.764 -11.997 -11.371 -9.595 -8.125 -7.745 -7.859 -8.046
5.275 -12.072 -6.889 -12.558 -11.817 -13.317 -13.537 -3.565 -4.119 -5.635 -8.218 -9.967 -10.892 -11.618 -12.163 -12.615 -12.832 -13.479 -13.519 -13.054 -12.721 -12.052 -11.624 -11.561 -13.215 -13.58 -12.563 -11.541 -12.556 -12.745 -11.979 -11.359 -9.636 -8.197 -7.897 -7.806 -7.969
5.325 -12.053 -6.867 -12.539 -11.797 -13.298 -13.511 -3.874 -4.306 -5.601 -8.224 -9.957 -10.874 -11.591 -12.144 -12.6 -12.823 -13.456 -13.495 -13.019 -12.683 -12.009 -11.579 -11.535 -13.199 -13.557 -12.52 -11.51 -12.533 -12.729 -11.986 -11.365 -9.631 -8.075 -7.715 -7.759 -8.132
5.375 -12.034 -6.791 -12.52 -11.777 -13.28 -13.492 -3.587 -4.083 -5.596 -8.107 -9.945 -10.876 -11.573 -12.122 -12.58 -12.802 -13.439 -13.478 -12.995 -12.661 -11.984 -11.553 -11.513 -13.18 -13.538 -12.495 -11.497 -12.517 -12.713 -11.975 -11.345 -9.529 -8.168 -7.727 -7.803 -7.762
5.425 -12.012 -6.78 -12.498 -11.759 -13.256 -13.46 -3.511 -4.011 -5.529 -8.117 -9.912 -10.83 -11.555 -12.107 -12.564 -12.785 -13.415 -13.452 -12.971 -12.631 -11.952 -11.515 -11.496 -13.159 -13.509 -12.474 -11.466 -12.498 -12.703 -11.963 -11.34 -9.589 -8.146 -7.853 -7.702 -8.004
5.475 -11.995 -6.75 -12.481 -11.746 -13.238 -13.443 -3.455 -4.03 -5.506 -8.091 -9.866 -10.81 -11.545 -12.096 -12.545 -12.764 -13.401 -13.436 -12.953 -12.615 -11.937 -11.489 -11.436 -13.141 -13.491 -12.453 -11.425 -12.477 -12.68 -11.942 -11.319 -9.563 -8.063 -7.804 -7.819 -8.216
5.525 -11.976 -6.699 -12.462 -11.729 -13.217 -13.417 -3.494 -4.055 -5.537 -7.998 -9.863 -10.805 -11.523 -12.077 -12.528 -12.749 -13.381 -13.415 -12.927 -12.586 -11.898 -11.466 -11.446 -13.122 -13.466 -12.431 -11.42 -12.467 -12.67 -11.957 -11.33 -9.559 -8.104 -7.618 -7.769 -8.305
5.575 -11.953 -6.68 -12.439 -11.709 -13.195 -13.399 -3.464 -4.004 -5.464 -8.028 -9.834 -10.779 -11.503 -12.058 -12.511 -12.731 -13.351 -13.389 -12.896 -12.558 -11.869 -11.437 -11.389 -13.096 -13.45 -12.392 -11.376 -12.444 -12.662 -11.953 -11.327 -9.563 -8.21 -7.795 -7.774 -8.051
5.625 -11.936 -6.668 -12.421 -11.692 -13.177 -13.374 -3.508 -3.981 -5.453 -7.971 -9.816 -10.75 -11.489 -12.042 -12.49 -12.708 -13.338 -13.373 -12.874 -12.537 -11.84 -11.417 -11.386 -13.08 -13.43 -12.376 -11.371 -12.432 -12.654 -11.932 -11.322 -9.68 -8.154 -7.805 -7.684 -7.846
5.675 -11.916 -6.62 -12.402 -11.675 -13.156 -13.352 -3.437 -3.86 -5.289 -7.955 -9.815 -10.743 -11.472 -12.023 -12.471 -12.689 -13.318 -13.353 -12.849 -12.509 -11.806 -11.385 -11.353 -13.063 -13.407 -12.343 -11.33 -12.407 -12.638 -11.91 -11.291 -9.584 -8.065 -7.828 -7.768 -8.193
5.725 -11.897 -6.605 -12.383 -11.653 -13.138 -13.327 -3.47 -3.988 -5.378 -7.905 -9.765 -10.719 -11.449 -12.002 -12.452 -12.672 -13.301 -13.333 -12.819 -12.48 -11.775 -11.361 -11.341 -13.048 -13.386 -12.303 -11.314 -12.389 -12.621 -11.897 -11.281 -9.61 -8.012 -7.777 -7.81 -8.122
5.775 -11.876 -6.549 -12.362 -11.637 -13.115 -13.31 -3.485 -3.882 -5.245 -7.872 -9.761 -10.699 -11.436 -11.985 -12.434 -12.651 -13.275 -13.31 -12.8 -12.464 -11.769 -11.34 -11.298 -13.022 -13.367 -12.287 -11.279 -12.378 -12.613 -11.9 -11.275 -9.532 -8.104 -7.955 -7.9 -7.987
5.825 -11.855 -6.527 -12.341 -11.619 -13.093 -13.288 -3.494 -3.89 -5.237 -7.846 -9.732 -10.68 -11.416 -11.968 -12.417 -12.636 -13.249 -13.284 -12.773 -12.435 -11.734 -11.311 -11.279 -12.999 -13.346 -12.259 -11.25 -12.362 -12.598 -11.896 -11.275 -9.569 -8.158 -7.836 -7.83 -8.082
5.875 -11.836 -6.495 -12.322 -11.603 -13.073 -13.265 -3.436 -4.0 -5.227 -7.824 -9.727 -10.672 -11.405 -11.951 -12.397 -12.614 -13.232 -13.265 -12.752 -12.414 -11.727 -11.298 -11.265 -12.98 -13.325 -12.237 -11.241 -12.342 -12.578 -11.884 -11.255 -9.472 -7.95 -7.927 -7.765 -7.835
5.925 -11.823 -6.412 -12.309 -11.593 -13.059 -13.242 -3.359 -3.79 -5.111 -7.753 -9.692 -10.647 -11.389 -11.942 -12.389 -12.606 -13.219 -13.249 -12.725 -12.387 -11.694 -11.267 -11.241 -12.97 -13.305 -12.209 -11.207 -12.326 -12.562 -11.875 -11.245 -9.454 -8.146 -7.915 -7.769 -7.841
5.975 -11.804 -6.429 -12.29 -11.575 -13.039 -13.226 -3.246 -3.681 -5.091 -7.781 -9.674 -10.636 -11.379 -11.925 -12.369 -12.583 -13.199 -13.23 -12.705 -12.367 -11.679 -11.243 -11.222 -12.948 -13.289 -12.186 -11.197 -12.313 -12.56 -11.869 -11.238 -9.444 -8.07 -7.93 -7.64 -8.05
6.025 -11.783 -6.398 -12.269 -11.552 -13.019 -13.198 -3.384 -3.845 -5.107 -7.715 -9.633 -10.608 -11.348 -11.903 -12.349 -12.567 -13.18 -13.21 -12.684 -12.34 -11.643 -11.208 -11.209 -12.932 -13.259 -12.172 -11.181 -12.297 -12.54 -11.838 -11.209 -9.433 -8.026 -7.865 -7.756 -8.157
6.075 -11.764 -6.35 -12.25 -11.536 -12.999 -13.176 -3.344 -3.702 -4.919 -7.718 -9.616 -10.597 -11.338 -11.886 -12.331 -12.546 -13.163 -13.191 -12.666 -12.324 -11.626 -11.194 -11.179 -12.913 -13.238 -12.156 -11.154 -12.276 -12.519 -11.834 -11.206 -9.441 -7.991 -7.767 -7.857 -7.952
6.125 -11.744 -6.326 -12.23 -11.521 -12.978 -13.154 -3.275 -3.623 -5.049 -7.639 -9.569 -10.564 -11.319 -11.874 -12.315 -12.531 -13.136 -13.167 -12.641 -12.301 -11.6 -11.17 -11.148 -12.889 -13.222 -12.139 -11.123 -12.266 -12.51 -11.844 -11.221 -9.503 -8.001 -7.748 -7.845 -8.049
6.175 -11.725 -6.263 -12.211 -11.499 -12.96 -13.132 -3.037 -3.516 -5.014 -7.565 -9.545 -10.536 -11.298 -11.853 -12.297 -12.512 -13.121 -13.15 -12.615 -12.276 -11.574 -11.151 -11.144 -12.875 -13.201 -12.107 -11.122 -12.255 -12.508 -11.836 -11.214 -9.504 -8.075 -8.057 -7.837 -8.004
6.225 -11.705 -6.231 -12.191 -11.481 -12.939 -13.109 -3.191 -3.501 -4.91 -7.543 -9.534 -10.52 -11.279 -11.835 -12.278 -12.495 -13.097 -13.127 -12.598 -12.259 -11.555 -11.128 -11.126 -12.854 -13.179 -12.094 -11.099 -12.241 -12.495 -11.811 -11.191 -9.493 -8.118 -7.708 -7.784 -8.102
6.275 -11.688 -6.241 -12.174 -11.472 -12.919 -13.093 -3.278 -3.731 -4.92 -7.545 -9.515 -10.506 -11.271 -11.825 -12.263 -12.477 -13.076 -13.106 -12.571 -12.234 -11.53 -11.106 -11.102 -12.833 -13.16 -12.062 -11.079 -12.22 -12.48 -11.799 -11.18 -9.501 -7.972 -7.851 -7.547 -8.066
6.325 -11.671 -6.201 -12.157 -11.452 -12.903 -13.073 -3.121 -3.529 -4.894 -7.494 -9.486 -10.477 -11.256 -11.807 -12.244 -12.455 -13.064 -13.093 -12.545 -12.212 -11.517 -11.105 -11.086 -12.819 -13.146 -12.03 -11.058 -12.206 -12.471 -11.789 -11.169 -9.483 -8.069 -7.731 -7.939 -7.885
6.375 -11.651 -6.2 -12.137 -11.437 -12.881 -13.048 -3.125 -3.54 -4.908 -7.506 -9.51 -10.473 -11.239 -11.789 -12.226 -12.439 -13.041 -13.068 -12.528 -12.189 -11.488 -11.066 -11.068 -12.796 -13.125 -12.009 -11.034 -12.19 -12.454 -11.787 -11.163 -9.449 -7.973 -7.837 -7.916 -8.133
6.425 -11.635 -6.153 -12.121 -11.419 -12.866 -13.034 -3.163 -3.698 -4.885 -7.454 -9.452 -10.443 -11.218 -11.773 -12.213 -12.427 -13.024 -13.051 -12.504 -12.163 -11.446 -11.029 -11.044 -12.781 -13.11 -11.975 -11.005 -12.173 -12.437 -11.785 -11.162 -9.467 -7.819 -7.741 -7.763 -8.012
6.475 -11.612 -6.118 -12.098 -11.401 -12.84 -13.011 -3.102 -3.483 -4.783 -7.447 -9.435 -10.438 -11.205 -11.753 -12.189 -12.401 -12.997 -13.027 -12.479 -12.139 -11.441 -11.014 -11.016 -12.753 -13.089 -11.953 -10.98 -12.166 -12.437 -11.783 -11.156 -9.418 -7.998 -7.834 -7.876 -8.175
6.525 -11.594 -6.071 -12.081 -11.378 -12.825 -12.991 -3.086 -3.539 -4.751 -7.378 -9.393 -10.402 -11.179 -11.733 -12.172 -12.385 -12.984 -13.012 -12.458 -12.119 -11.425 -11.0 -11.012 -12.742 -13.07 -11.931 -10.979 -12.148 -12.411 -11.777 -11.149 -9.401 -7.957 -7.833 -7.806 -7.989
6.575 -11.578 -5.995 -12.065 -11.367 -12.808 -12.963 -2.887 -3.364 -4.634 -7.305 -9.38 -10.405 -11.171 -11.722 -12.16 -12.371 -12.969 -12.992 -12.439 -12.1 -11.415 -10.974 -10.981 -12.726 -13.045 -11.928 -10.947 -12.139 -12.403 -11.759 -11.135 -9.409 -8.043 -7.765 -7.712 -8.169
6.625 -11.561 -6.02 -12.047 -11.351 -12.79 -12.958 -2.935 -3.393 -4.784 -7.296 -9.358 -10.38 -11.151 -11.707 -12.142 -12.356 -12.947 -12.976 -12.42 -12.081 -11.378 -10.969 -10.98 -12.705 -13.035 -11.893 -10.951 -12.127 -12.409 -11.742 -11.121 -9.422 -7.981 -7.83 -7.823 -8.168
6.675 -11.541 -5.968 -12.027 -11.331 -12.769 -12.925 -2.926 -3.292 -4.659 -7.281 -9.317 -10.355 -11.128 -11.688 -12.123 -12.337 -12.933 -12.955 -12.404 -12.064 -11.368 -10.939 -10.945 -12.689 -13.007 -11.892 -10.915 -12.116 -12.389 -11.747 -11.12 -9.395 -8.014 -7.911 -7.893 -8.039
6.725 -11.524 -5.885 -12.01 -11.316 -12.751 -12.905 -3.032 -3.412 -4.471 -7.235 -9.32 -10.342 -11.109 -11.672 -12.108 -12.324 -12.913 -12.935 -12.382 -12.042 -11.336 -10.912 -10.917 -12.67 -12.991 -11.868 -10.889 -12.103 -12.388 -11.733 -11.115 -9.465 -8.042 -7.88 -7.824 -8.093
6.775 -11.508 -5.929 -11.994 -11.296 -12.738 -12.892 -2.89 -3.334 -4.708 -7.162 -9.281 -10.307 -11.095 -11.654 -12.092 -12.306 -12.897 -12.922 -12.359 -12.021 -11.32 -10.9 -10.9 -12.66 -12.975 -11.842 -10.868 -12.081 -12.359 -11.739 -11.111 -9.376 -7.913 -7.772 -7.937 -8.055
6.825 -11.485 -5.81 -11.971 -11.278 -12.712 -12.863 -2.883 -3.3 -4.511 -7.1 -9.264 -10.286 -11.07 -11.636 -12.073 -12.289 -12.869 -12.893 -12.335 -11.999 -11.303 -10.889 -10.892 -12.633 -12.947 -11.834 -10.855 -12.073 -12.364 -11.712 -11.086 -9.367 -8.039 -7.64 -7.838 -8.005
6.875 -11.467 -5.815 -11.954 -11.261 -12.695 -12.843 -2.798 -3.332 -4.574 -7.063 -9.236 -10.252 -11.058 -11.62 -12.055 -12.267 -12.856 -12.879 -12.313 -11.98 -11.287 -10.887 -10.891 -12.616 -12.935 -11.807 -10.861 -12.063 -12.352 -11.715 -11.092 -9.414 -7.954 -7.992 -7.878 -7.893
6.925 -11.451 -5.764 -11.937 -11.247 -12.678 -12.83 -2.92 -3.358 -4.445 -7.026 -9.208 -10.247 -11.046 -11.606 -12.037 -12.249 -12.836 -12.862 -12.29 -11.958 -11.26 -10.855 -10.869 -12.6 -12.92 -11.772 -10.838 -12.046 -12.335 -11.709 -11.09 -9.438 -7.98 -8.036 -7.646 -7.988
6.975 -11.436 -5.763 -11.922 -11.231 -12.664 -12.815 -2.851 -3.288 -4.422 -7.049 -9.219 -10.223 -11.031 -11.589 -12.026 -12.238 -12.817 -12.843 -12.272 -11.936 -11.225 -10.829 -10.844 -12.586 -12.905 -11.748 -10.803 -12.028 -12.325 -11.694 -11.068 -9.348 -7.981 -7.681 -7.763 -8.01
7.025 -11.417 -5.715 -11.904 -11.214 -12.644 -12.794 -2.81 -3.136 -4.433 -6.939 -9.19 -10.209 -11.016 -11.572 -12.008 -12.219 -12.799 -12.824 -12.252 -11.919 -11.224 -10.823 -10.839 -12.567 -12.884 -11.732 -10.802 -12.024 -12.32 -11.69 -11.065 -9.365 -7.977 -7.889 -7.748 -8.135
7.075 -11.308 -5.621 -11.793 -11.147 -12.515 -12.625 -2.593 -3.012 -4.323 -6.897 -9.102 -10.151 -10.955 -11.505 -11.923 -12.128 -12.666 -12.68 -12.072 -11.737 -11.022 -10.627 -10.661 -12.451 -12.728 -11.539 -10.618 -11.863 -12.178 -11.56 -10.928 -9.161 -7.761 -7.751 -7.656 -8.172
7.125 -11.138 -5.483 -11.624 -11.022 -12.326 -12.373 -2.537 -2.894 -4.149 -6.754 -8.94 -9.991 -10.825 -11.382 -11.788 -11.991 -12.471 -12.469 -11.814 -11.478 -10.756 -10.385 -10.43 -12.284 -12.487 -11.262 -10.381 -11.641 -11.987 -11.33 -10.697 -8.904 -7.53 -7.614 -7.641 -7.948
7.175 -10.984 -5.347 -11.469 -10.906 -12.152 -12.155 -2.293 -2.675 -3.947 -6.655 -8.781 -9.848 -10.72 -11.268 -11.656 -11.849 -12.297 -12.284 -11.566 -11.228 -10.479 -10.129 -10.203 -12.126 -12.268 -11.003 -10.146 -11.433 -11.82 -11.083 -10.451 -8.664 -7.376 -7.494 -7.405 -7.668
7.225 -10.834 -5.176 -11.318 -10.785 -11.985 -11.955 -2.368 -2.653 -3.815 -6.493 -8.632 -9.715 -10.592 -11.149 -11.529 -11.723 -12.12 -12.1 -11.344 -11.007 -10.209 -9.907 -9.947 -11.974 -12.07 -10.749 -9.909 -11.243 -11.66 -10.888 -10.26 -8.504 -7.341 -7.492 -7.348 -7.472
7.275 -10.688 -5.064 -11.171 -10.666 -11.827 -11.747 -2.129 -2.357 -3.595 -6.437 -8.463 -9.547 -10.485 -11.034 -11.403 -11.585 -11.959 -11.929 -11.089 -10.758 -9.941 -9.698 -9.754 -11.826 -11.87 -10.492 -9.701 -11.059 -11.51 -10.692 -10.062 -8.275 -7.075 -7.116 -7.122 -7.405
7.325 -10.544 -4.942 -11.027 -10.554 -11.663 -11.542 -1.873 -2.374 -3.699 -6.324 -8.277 -9.405 -10.367 -10.925 -11.28 -11.461 -11.793 -11.754 -10.867 -10.53 -9.686 -9.461 -9.549 -11.679 -11.67 -10.228 -9.507 -10.871 -11.36 -10.501 -9.87 -8.086 -6.818 -6.899 -6.856 -7.251
7.375 -10.4 -4.772 -10.882 -10.439 -11.503 -11.338 -1.656 -1.971 -3.425 -6.153 -8.146 -9.27 -10.26 -10.811 -11.157 -11.328 -11.626 -11.578 -10.653 -10.324 -9.502 -9.261 -9.336 -11.528 -11.475 -10.028 -9.3 -10.697 -11.211 -10.293 -9.66 -7.866 -6.549 -6.631 -6.604 -7.026
7.425 -10.252 -4.621 -10.734 -10.316 -11.339 -11.145 -1.445 -1.859 -3.351 -6.041 -7.948 -9.101 -10.129 -10.692 -11.023 -11.192 -11.459 -11.408 -10.399 -10.081 -9.271 -9.092 -9.157 -11.373 -11.283 -9.734 -9.099 -10.51 -11.048 -10.058 -9.437 -7.758 -6.395 -6.909 -6.7 -7.198
