output/tables/Kasen/red.dat
# %ECSV 1.0
# ---
# datatype:
# - {name: time, datatype: float64}
# - {name: wfc3_uvis1_f200lp, datatype: float64}
# - {name: wfc3_uvis1_f300x, datatype: float64}
# - {name: wfc3_uvis1_f350lp, datatype: float64}
# - {name: wfc3_uvis1_f475x, datatype: float64}
# - {name: wfc3_uvis1_f600lp, datatype: float64}
# - {name: wfc3_uvis1_f850lp, datatype: float64}
# - {name: wfc3_uvis1_f218w, datatype: float64}
# - {name: wfc3_uvis1_f225w, datatype: float64}
# - {name: wfc3_uvis1_f275w, datatype: float64}
# - {name: wfc3_uvis1_f336w, datatype: float64}
# - {name: wfc3_uvis1_f390w, datatype: float64}
# - {name: wfc3_uvis1_f438w, datatype: float64}
# - {name: wfc3_uvis1_f475w, datatype: float64}
# - {name: wfc3_uvis1_f555w, datatype: float64}
# - {name: wfc3_uvis1_f606w, datatype: float64}
# - {name: wfc3_uvis1_f625w, datatype: float64}
# - {name: wfc3_uvis1_f775w, datatype: float64}
# - {name: wfc3_uvis1_f814w, datatype: float64}
# - {name: wfc3_ir_f105w, datatype: float64}
# - {name: wfc3_ir_f110w, datatype: float64}
# - {name: wfc3_ir_f125w, datatype: float64}
# - {name: wfc3_ir_f140w, datatype: float64}
# - {name: wfc3_ir_f160w, datatype: float64}
# - {name: jwst_nircam_f070w, datatype: float64}
# - {name: jwst_nircam_f090w, datatype: float64}
# - {name: jwst_nircam_f115w, datatype: float64}
# - {name: jwst_nircam_f150w, datatype: float64}
# - {name: jwst_nircam_f150w2, datatype: float64}
# - {name: jwst_nircam_f200w, datatype: float64}
# - {name: jwst_nircam_f277w, datatype: float64}
# - {name: jwst_nircam_f322w2, datatype: float64}
# - {name: jwst_nircam_f356w, datatype: float64}
# - {name: jwst_nircam_f444w, datatype: float64}
# - {name: jwst_miri_f0560w, datatype: float64}
# - {name: jwst_miri_f0770w, datatype: float64}
# - {name: jwst_miri_f1000w, datatype: float64}
# meta: !!omap
# - comment: [type = Kasen, name = red, model = knova_d1_n10_m0.035_vk0.15_Xlan1e-2.0.h5]
# schema: astropy-2.0
time wfc3_uvis1_f200lp wfc3_uvis1_f300x wfc3_uvis1_f350lp wfc3_uvis1_f475x wfc3_uvis1_f600lp wfc3_uvis1_f850lp wfc3_uvis1_f218w wfc3_uvis1_f225w wfc3_uvis1_f275w wfc3_uvis1_f336w wfc3_uvis1_f390w wfc3_uvis1_f438w wfc3_uvis1_f475w wfc3_uvis1_f555w wfc3_uvis1_f606w wfc3_uvis1_f625w wfc3_uvis1_f775w wfc3_uvis1_f814w wfc3_ir_f105w wfc3_ir_f110w wfc3_ir_f125w wfc3_ir_f140w wfc3_ir_f160w jwst_nircam_f070w jwst_nircam_f090w jwst_nircam_f115w jwst_nircam_f150w jwst_nircam_f150w2 jwst_nircam_f200w jwst_nircam_f277w jwst_nircam_f322w2 jwst_nircam_f356w jwst_nircam_f444w jwst_miri_f0560w jwst_miri_f0770w jwst_miri_f1000w
[from data line 186]
16.65 -7.923 1.269 -8.422 -6.637 -9.409 -10.183 1.949 0.938 2.019 3.51 -2.396 -3.749 -6.058 -7.107 -7.885 -8.201 -9.595 -9.822 -9.928 -10.083 -10.178 -10.263 -10.447 -9.012 -12.349 -10.015 -10.394 -12.482 -12.174 -12.873 -12.295 -11.023 -9.459 -11.19 -10.796 -11.944
16.75 -7.929 1.332 -8.429 -6.485 -9.432 -10.137 2.026 0.928 2.009 3.489 3.974 -3.706 -5.956 -6.967 -7.794 -8.105 -9.687 -9.866 -9.874 -10.104 -10.245 -10.303 -10.322 -9.051 -12.33 -10.047 -10.283 -12.473 -12.188 -12.86 -12.266 -10.885 -9.469 -11.216 -10.783 -11.916
16.85 -7.915 1.314 -8.415 -6.509 -9.418 -10.16 2.007 0.941 2.026 3.651 -1.988 -3.189 -5.825 -6.995 -7.784 -8.118 -9.635 -9.853 -9.903 -10.086 -10.2 -10.258 -10.311 -9.04 -12.329 -9.997 -10.307 -12.456 -12.161 -12.84 -12.26 -10.975 -9.423 -11.094 -10.798 -11.988
16.95 -7.896 1.221 -8.396 -6.524 -9.389 -10.111 1.908 0.954 2.033 3.607 -2.811 -4.231 -5.945 -6.989 -7.772 -8.079 -9.638 -9.83 -9.92 -10.033 -10.125 -10.186 -10.294 -8.986 -12.342 -10.037 -10.226 -12.469 -12.179 -12.837 -12.253 -10.941 -9.545 -11.219 -10.778 -12.047
17.05 -7.837 1.419 -8.336 -6.457 -9.336 -10.016 2.128 1.033 2.108 3.538 3.098 -3.567 -6.033 -6.935 -7.7 -7.984 -9.606 -9.774 -9.794 -10.017 -10.159 -10.221 -10.3 -8.978 -12.317 -9.94 -10.275 -12.448 -12.122 -12.839 -12.255 -10.939 -9.442 -11.226 -10.806 -11.954
17.15 -7.851 1.312 -8.351 -6.424 -9.354 -10.089 2.077 0.993 2.082 3.574 -1.271 -3.538 -5.914 -6.901 -7.738 -8.031 -9.594 -9.785 -9.815 -9.976 -10.065 -10.136 -10.267 -8.933 -12.297 -9.888 -10.222 -12.416 -12.099 -12.785 -12.221 -11.033 -9.295 -11.103 -10.834 -11.917
17.25 -7.866 1.429 -8.366 -6.51 -9.359 -9.999 2.111 1.014 2.092 3.515 4.411 -3.267 -5.974 -6.997 -7.865 -8.176 -9.597 -9.763 -9.738 -9.915 -10.033 -10.079 -10.218 -9.006 -12.281 -9.9 -10.174 -12.396 -12.098 -12.777 -12.198 -10.925 -9.529 -11.115 -10.703 -11.972
17.35 -7.847 1.319 -8.346 -6.611 -9.327 -9.961 2.049 1.044 2.112 3.557 -1.647 -4.117 -6.002 -7.085 -7.829 -8.14 -9.588 -9.749 -9.779 -9.981 -10.129 -10.112 -10.165 -8.99 -12.256 -9.952 -10.149 -12.374 -12.041 -12.742 -12.165 -10.894 -9.482 -11.095 -10.671 -11.978
17.45 -7.794 1.425 -8.294 -6.43 -9.29 -9.974 2.122 1.067 2.147 3.774 -1.517 -3.782 -5.9 -6.907 -7.719 -8.042 -9.525 -9.713 -9.695 -9.918 -10.067 -10.129 -10.19 -8.895 -12.29 -9.832 -10.19 -12.384 -12.026 -12.768 -12.195 -10.952 -9.448 -11.105 -10.828 -11.958
17.55 -7.785 1.409 -8.285 -6.367 -9.284 -9.919 2.181 1.096 2.167 3.649 -1.372 -3.625 -5.653 -6.849 -7.701 -8.033 -9.568 -9.711 -9.736 -9.903 -10.047 -10.064 -10.192 -8.941 -12.272 -9.853 -10.14 -12.376 -12.031 -12.754 -12.191 -10.994 -9.457 -11.18 -10.663 -11.93
17.65 -7.736 1.464 -8.236 -6.306 -9.24 -9.949 2.18 1.115 2.201 3.755 -1.067 -3.859 -5.777 -6.784 -7.596 -7.896 -9.493 -9.682 -9.663 -9.845 -9.968 -10.056 -10.196 -8.866 -12.23 -9.783 -10.147 -12.337 -12.009 -12.715 -12.144 -10.905 -9.355 -11.067 -10.635 -11.921
17.75 -7.714 1.573 -8.214 -6.393 -9.2 -9.889 2.262 1.144 2.222 3.827 5.488 -1.328 -5.801 -6.874 -7.637 -7.949 -9.459 -9.63 -9.717 -9.88 -10.018 -10.074 -10.193 -8.816 -12.224 -9.849 -10.154 -12.337 -11.999 -12.693 -12.119 -10.869 -9.448 -11.046 -10.785 -11.949
17.85 -7.708 1.547 -8.208 -6.418 -9.191 -9.916 2.248 1.158 2.232 3.756 -0.011 -3.661 -5.832 -6.895 -7.667 -7.974 -9.417 -9.616 -9.711 -9.883 -10.012 -10.031 -10.136 -8.791 -12.229 -9.801 -10.12 -12.328 -11.963 -12.717 -12.139 -10.865 -9.389 -11.059 -10.815 -11.924
17.95 -7.689 1.579 -8.189 -6.324 -9.185 -9.902 2.25 1.159 2.247 3.666 2.174 -2.75 -5.786 -6.8 -7.593 -7.885 -9.428 -9.625 -9.595 -9.801 -9.937 -10.026 -10.127 -8.781 -12.202 -9.74 -10.091 -12.301 -11.946 -12.67 -12.105 -10.902 -9.327 -11.113 -10.711 -11.923
18.05 -7.626 1.475 -8.125 -6.283 -9.117 -9.874 2.208 1.215 2.304 3.89 -2.097 -4.292 -5.746 -6.75 -7.507 -7.819 -9.335 -9.554 -9.583 -9.789 -9.912 -10.002 -10.114 -8.702 -12.212 -9.735 -10.072 -12.306 -11.953 -12.668 -12.091 -10.816 -9.434 -11.086 -10.782 -11.998
18.15 -7.667 1.41 -8.166 -6.498 -9.138 -9.792 2.185 1.221 2.285 3.772 -2.174 -3.776 -6.017 -6.96 -7.657 -7.934 -9.406 -9.565 -9.566 -9.729 -9.841 -9.938 -10.1 -8.796 -12.188 -9.676 -10.037 -12.282 -11.922 -12.669 -12.086 -10.791 -9.201 -11.071 -10.782 -11.887
18.25 -7.64 1.592 -8.139 -6.427 -9.117 -9.808 2.305 1.243 2.325 3.796 -1.016 -3.251 -5.936 -6.904 -7.671 -7.967 -9.325 -9.523 -9.562 -9.771 -9.917 -9.977 -10.099 -8.797 -12.175 -9.699 -10.044 -12.273 -11.91 -12.627 -12.054 -10.818 -9.442 -11.048 -10.654 -11.977
18.35 -7.609 1.547 -8.107 -6.517 -9.068 -9.772 2.258 1.28 2.342 3.914 -1.75 -4.035 -6.002 -6.983 -7.638 -7.931 -9.279 -9.475 -9.544 -9.765 -9.91 -9.968 -10.049 -8.736 -12.179 -9.688 -10.031 -12.274 -11.89 -12.638 -12.08 -10.908 -9.477 -11.006 -10.748 -11.933
18.45 -7.589 1.672 -8.089 -6.358 -9.072 -9.693 2.394 1.318 2.384 3.956 -0.473 -3.271 -5.862 -6.836 -7.579 -7.883 -9.32 -9.481 -9.573 -9.745 -9.895 -9.928 -10.034 -8.776 -12.158 -9.711 -10.001 -12.245 -11.856 -12.609 -12.028 -10.74 -9.275 -11.052 -10.71 -11.977
18.55 -7.585 1.609 -8.084 -6.338 -9.064 -9.722 2.308 1.308 2.375 3.872 -1.791 -3.707 -5.811 -6.81 -7.647 -7.962 -9.265 -9.448 -9.502 -9.635 -9.733 -9.812 -9.987 -8.728 -12.17 -9.602 -9.897 -12.249 -11.83 -12.614 -12.044 -10.812 -9.387 -11.031 -10.714 -11.976
18.65 -7.554 1.608 -8.052 -6.435 -9.018 -9.718 2.318 1.341 2.398 3.939 -2.113 -3.473 -6.056 -6.899 -7.609 -7.862 -9.219 -9.425 -9.519 -9.695 -9.817 -9.903 -10.068 -8.674 -12.133 -9.638 -10.005 -12.225 -11.83 -12.599 -12.028 -10.793 -9.248 -11.005 -10.678 -11.888
18.75 -7.537 1.705 -8.036 -6.371 -9.002 -9.733 2.389 1.323 2.399 3.912 -0.676 -2.378 -5.75 -6.847 -7.557 -7.862 -9.211 -9.412 -9.513 -9.66 -9.758 -9.822 -9.987 -8.594 -12.148 -9.607 -9.937 -12.224 -11.856 -12.575 -11.997 -10.724 -9.232 -11.066 -10.654 -11.979
18.85 -7.508 1.655 -8.007 -6.431 -8.963 -9.602 2.381 1.386 2.453 3.893 -1.806 -3.34 -5.957 -6.892 -7.536 -7.794 -9.242 -9.397 -9.389 -9.624 -9.798 -9.831 -9.906 -8.619 -12.134 -9.572 -9.884 -12.215 -11.833 -12.573 -11.993 -10.705 -9.293 -11.047 -10.72 -11.993
18.95 -7.51 1.52 -8.009 -6.338 -8.982 -9.659 2.347 1.384 2.455 3.823 -1.925 -3.906 -5.934 -6.801 -7.56 -7.843 -9.192 -9.379 -9.392 -9.567 -9.684 -9.798 -9.961 -8.672 -12.119 -9.476 -9.942 -12.193 -11.769 -12.548 -11.974 -10.716 -9.475 -10.935 -10.726 -11.961
19.05 -7.474 1.649 -7.973 -6.271 -8.948 -9.658 2.424 1.395 2.475 4.094 -1.392 -3.341 -5.645 -6.744 -7.437 -7.756 -9.18 -9.379 -9.413 -9.595 -9.718 -9.816 -9.945 -8.585 -12.091 -9.561 -9.897 -12.171 -11.785 -12.54 -11.97 -10.741 -9.253 -10.91 -10.639 -11.913
19.15 -7.433 1.794 -7.931 -6.306 -8.894 -9.574 2.51 1.458 2.528 3.96 4.454 -3.941 -5.862 -6.775 -7.436 -7.705 -9.145 -9.32 -9.304 -9.564 -9.708 -9.81 -9.915 -8.587 -12.111 -9.498 -9.886 -12.184 -11.774 -12.526 -11.957 -10.734 -9.227 -11.021 -10.725 -11.974
19.25 -7.457 1.791 -7.955 -6.329 -8.924 -9.596 2.506 1.457 2.538 3.876 -0.865 -3.534 -5.793 -6.805 -7.547 -7.845 -9.122 -9.31 -9.399 -9.558 -9.694 -9.744 -9.874 -8.628 -12.074 -9.522 -9.825 -12.16 -11.746 -12.527 -11.956 -10.726 -9.235 -10.878 -10.637 -11.931
19.35 -7.368 1.862 -7.866 -6.315 -8.819 -9.529 2.576 1.521 2.589 4.188 3.516 -3.428 -5.794 -6.786 -7.414 -7.699 -9.031 -9.228 -9.294 -9.543 -9.702 -9.77 -9.874 -8.48 -12.051 -9.467 -9.842 -12.126 -11.699 -12.502 -11.922 -10.635 -9.189 -10.985 -10.58 -11.89
19.45 -7.379 1.853 -7.877 -6.285 -8.834 -9.554 2.553 1.507 2.595 4.032 -1.278 -3.005 -5.65 -6.756 -7.447 -7.758 -9.036 -9.238 -9.315 -9.523 -9.652 -9.757 -9.951 -8.489 -12.073 -9.472 -9.907 -12.143 -11.715 -12.491 -11.917 -10.656 -9.28 -10.949 -10.655 -11.944
19.55 -7.409 1.742 -7.907 -6.296 -8.871 -9.552 2.487 1.499 2.557 4.085 -1.352 -3.148 -5.729 -6.775 -7.519 -7.837 -9.045 -9.242 -9.336 -9.506 -9.605 -9.743 -9.921 -8.549 -12.067 -9.459 -9.839 -12.135 -11.702 -12.486 -11.916 -10.688 -9.237 -10.969 -10.738 -11.884
19.65 -7.329 1.82 -7.826 -6.375 -8.763 -9.476 2.538 1.563 2.622 4.237 -0.595 -3.757 -5.874 -6.843 -7.43 -7.704 -8.957 -9.173 -9.206 -9.411 -9.556 -9.621 -9.789 -8.397 -12.039 -9.392 -9.73 -12.11 -11.688 -12.466 -11.887 -10.607 -9.169 -10.936 -10.606 -11.915
19.75 -7.326 1.838 -7.824 -6.328 -8.768 -9.426 2.566 1.591 2.642 4.096 -1.544 -3.568 -5.813 -6.793 -7.456 -7.747 -8.981 -9.157 -9.217 -9.428 -9.575 -9.675 -9.854 -8.453 -12.042 -9.405 -9.798 -12.103 -11.677 -12.465 -11.887 -10.616 -9.199 -11.043 -10.613 -11.873
19.85 -7.362 1.783 -7.86 -6.345 -8.809 -9.488 2.481 1.547 2.604 4.241 -1.745 -2.908 -5.821 -6.812 -7.487 -7.791 -8.971 -9.18 -9.242 -9.478 -9.608 -9.726 -9.838 -8.482 -12.037 -9.377 -9.803 -12.092 -11.654 -12.437 -11.865 -10.622 -9.184 -11.004 -10.61 -11.931
19.95 -7.247 1.887 -7.745 -6.238 -8.695 -9.452 2.618 1.641 2.703 4.316 -1.749 -3.345 -5.76 -6.701 -7.355 -7.63 -8.853 -9.09 -9.219 -9.391 -9.528 -9.583 -9.78 -8.338 -12.033 -9.318 -9.707 -12.083 -11.623 -12.436 -11.865 -10.633 -9.198 -11.017 -10.61 -11.899
20.05 -7.224 1.965 -7.722 -6.24 -8.663 -9.355 2.661 1.673 2.732 4.334 -1.273 -2.761 -5.624 -6.707 -7.327 -7.625 -8.86 -9.068 -9.171 -9.394 -9.571 -9.622 -9.797 -8.328 -12.014 -9.338 -9.765 -12.076 -11.596 -12.448 -11.873 -10.611 -9.158 -10.917 -10.646 -11.907
20.15 -7.134 2.105 -7.632 -6.196 -8.565 -9.177 2.856 1.822 2.881 4.199 -0.638 -3.154 -5.542 -6.67 -7.362 -7.667 -8.766 -8.922 -9.025 -9.206 -9.35 -9.427 -9.63 -8.325 -11.877 -9.178 -9.56 -11.938 -11.49 -12.286 -11.701 -10.387 -8.995 -10.863 -10.421 -11.78
20.25 -6.76 2.282 -7.256 -5.948 -8.166 -8.727 3.062 2.205 3.242 4.672 -1.818 -2.962 -5.322 -6.408 -6.993 -7.296 -8.408 -8.521 -8.67 -8.865 -9.005 -9.022 -9.176 -7.912 -11.584 -8.857 -9.123 -11.637 -11.18 -11.96 -11.384 -10.12 -8.803 -10.601 -10.175 -11.582
20.35 -6.445 2.63 -6.941 -5.795 -7.819 -8.463 3.363 2.514 3.536 5.161 -1.292 -2.847 -5.389 -6.247 -6.757 -6.997 -7.95 -8.174 -8.235 -8.419 -8.565 -8.627 -8.849 -7.566 -11.314 -8.456 -8.72 -11.339 -10.85 -11.68 -11.087 -9.717 -8.408 -10.412 -9.746 -11.384
20.45 -6.004 3.027 -6.499 -5.444 -7.358 -7.831 3.814 3.005 4.013 5.608 -0.876 -3.078 -5.051 -5.894 -6.378 -6.632 -7.547 -7.688 -7.74 -8.021 -8.26 -8.269 -8.54 -7.175 -11.004 -8.113 -8.434 -11.015 -10.46 -11.332 -10.757 -9.507 -7.842 -10.088 -9.333 -11.141
20.55 -5.705 3.559 -6.199 -5.28 -7.013 -7.314 4.338 3.362 4.37 5.732 6.518 4.262 -4.81 -5.736 -6.148 -6.349 -7.328 -7.372 -7.296 -7.529 -7.774 -7.856 -8.1 -6.842 -10.648 -7.611 -8.024 -10.668 -10.189 -10.958 -10.352 -8.897 -7.578 -9.794 -9.021 -10.873
20.65 -5.255 3.77 -5.746 -4.98 -6.518 -6.856 4.601 3.862 4.812 6.818 -0.563 -1.823 -4.621 -5.43 -5.83 -6.044 -6.638 -6.779 -6.67 -7.046 -7.323 -7.35 -7.395 -6.451 -10.319 -7.046 -7.4 -10.309 -9.782 -10.595 -10.011 -8.714 -7.143 -9.358 -8.791 -10.533
20.75 -4.687 4.376 -5.175 -4.736 -5.784 -5.884 5.251 4.556 5.458 6.953 2.998 -1.053 -4.381 -5.183 -5.521 -5.686 -5.809 -5.895 -6.013 -6.349 -6.646 -6.617 -6.801 -5.824 -9.864 -6.55 -6.719 -9.884 -9.414 -10.084 -9.475 -7.999 -6.732 -8.876 -8.423 -10.237
20.85 -4.27 4.856 -4.758 -4.322 -5.336 -5.44 5.745 4.971 5.865 7.036 7.309 6.642 -3.934 -4.759 -4.946 -5.015 -5.767 -5.738 -5.056 -5.568 -5.864 -5.885 -6.138 -5.464 -9.388 -5.611 -6.05 -9.364 -8.945 -9.558 -8.919 -7.202 -6.571 -8.728 -7.658 -9.804
20.95 -4.038 5.015 -4.522 -4.31 -4.966 -5.085 5.894 5.237 6.054 7.584 7.682 8.035 -4.128 -4.745 -4.887 -4.863 -5.237 -5.248 -4.749 -5.371 -5.761 -5.46 -5.167 -5.045 -8.962 -5.369 -5.229 -9.001 -8.674 -9.087 -8.468 -6.952 -5.78 -8.166 -7.27 -9.503
21.05 -4.046 4.862 -4.527 -4.441 -4.869 -4.652 5.804 5.325 6.097 7.965 6.951 -1.816 -4.228 -4.875 -4.964 -4.981 -5.089 -5.048 -4.214 -4.557 -4.801 -4.974 -5.147 -5.013 -8.524 -4.188 -5.035 -8.526 -8.079 -8.686 -8.02 -6.068 -5.654 -7.873 -6.825 -8.985
21.15 -3.529 5.507 -4.016 -3.656 -4.542 -3.849 6.442 5.911 6.717 8.277 6.573 -1.09 -2.964 -4.104 -4.424 -4.717 -4.71 -4.611 -3.758 -4.077 -4.231 -4.302 -4.816 -4.731 -8.004 -4.245 -4.472 -8.112 -7.863 -8.176 -7.498 -5.359 -5.753 -7.418 -6.894 -8.151
21.25 -3.763 5.303 -4.248 -3.979 -4.734 -3.968 6.336 5.648 6.438 7.955 7.362 -1.047 -3.813 -4.424 -4.661 -4.705 -5.017 -4.88 -3.202 -2.997 -2.908 -4.061 -4.891 -4.784 -7.558 -3.346 -4.567 -7.726 -7.551 -7.713 -7.11 -5.665 -5.381 -6.738 -6.38 -7.845
21.35 -3.517 5.694 -4.005 -3.687 -4.513 -3.898 6.613 5.712 6.626 10.036 7.806 9.055 -3.254 -4.135 -4.261 -4.373 -5.029 -4.894 -3.185 -3.444 -3.919 -3.553 -4.027 -4.282 -7.257 -3.619 -4.039 -7.393 -7.171 -7.239 -6.694 -5.568 -5.371 -6.481 -6.26 -7.212
21.45 -3.428 5.837 -3.914 -3.67 -4.404 -4.312 6.726 5.907 6.756 9.905 8.077 9.351 -3.412 -4.114 -4.258 -4.305 -4.645 -4.668 -3.221 -3.158 -2.965 -3.525 -3.502 -4.486 -6.911 -2.706 -3.596 -7.093 -6.862 -7.142 -6.545 -5.217 -5.343 -6.054 -6.007 -6.846
21.55 -3.54 5.544 -4.027 -3.658 -4.532 -4.36 6.471 5.711 6.607 9.205 8.022 -1.034 -3.08 -4.11 -4.275 -4.484 -4.941 -4.884 -3.582 -3.396 -3.006 -3.495 -3.819 -4.354 -6.962 -2.977 -3.85 -6.831 -6.279 -6.823 -6.315 -5.339 -5.304 -6.859 -6.167 -5.55
21.65 -3.477 5.445 -3.958 -3.929 -4.242 -4.694 6.308 5.688 6.58 10.084 8.015 -0.864 -3.753 -4.356 -4.359 -4.371 -4.319 -4.55 -3.295 -3.256 -3.006 -3.551 -4.192 -3.55 -6.94 -3.107 -3.861 -6.703 -5.954 -6.272 -5.878 -5.292 -5.806 -6.457 -5.978 -6.896
21.75 -3.336 5.986 -3.823 -3.466 -4.364 -4.088 6.798 6.013 6.873 8.615 8.689 9.222 -2.817 -3.941 -4.385 -4.685 -3.964 -4.1 -3.293 -2.975 -2.712 -2.24 -2.133 -4.286 -6.553 -3.412 -1.952 -6.418 -5.8 -5.921 -5.555 -5.028 -5.459 -5.728 -5.726 -6.504
21.85 -2.782 6.525 -3.269 -2.99 -3.67 -3.698 7.308 6.401 7.305 12.333 9.155 10.081 -1.912 -3.467 -3.703 -4.031 -3.739 -3.869 -1.716 -2.645 -2.833 -2.627 -2.433 -2.867 -6.744 -2.596 -2.371 -6.48 -5.508 -5.805 -5.222 -3.919 -5.957 -6.757 -6.216 -5.612
21.95 -2.765 6.474 -3.25 -3.052 -3.621 -3.279 7.275 6.518 7.311 12.195 8.659 9.642 -2.376 -3.515 -3.781 -4.009 -3.589 -3.622 -2.078 -1.502 -1.593 5.982 5.586 -3.301 -6.273 -1.838 2.257 -6.134 -5.414 -5.839 -5.319 -4.054 -4.833 -6.029 -6.239 -4.349
22.05 -2.893 6.498 -3.375 -3.329 -3.567 -1.689 7.445 6.782 7.488 11.73 8.337 9.434 -2.255 -3.811 -4.194 -4.539 -1.298 -1.685 7.579 -1.051 -1.697 -1.495 5.656 -3.862 -6.175 0.501 -1.738 -6.023 -5.194 -5.499 -4.923 -3.764 -4.828 -5.719 -6.297 -4.955
22.15 -2.216 7.092 -2.699 -2.528 -3.16 -0.826 7.981 7.281 8.173 10.607 8.869 10.745 -1.917 -3.0 -3.433 -3.684 -2.461 -2.195 7.971 12.571 12.05 8.155 7.04 -3.254 -6.43 0.292 2.114 -6.02 -4.683 -4.943 -4.942 -4.989 -5.679 -5.916 -6.461 -4.726
22.25 -1.249 8.122 -1.731 -1.851 -1.294 -2.348 9.068 8.148 8.94 10.935 10.387 11.89 -0.456 -2.3 -2.3 -2.632 -1.535 -1.817 -1.383 -0.78 11.057 7.607 5.798 -1.395 -5.889 0.807 2.551 -5.718 -5.357 -4.8 -4.703 -4.572 -4.642 -5.512 -5.985 -5.391
22.35 -1.552 8.019 -2.037 -1.891 -2.397 -1.613 8.831 8.006 8.954 13.373 9.651 11.165 5.546 -2.39 -2.814 -3.305 0.987 -0.971 -1.522 -0.961 10.037 7.477 -2.103 -2.55 -5.93 -1.705 -0.558 -5.821 -4.964 -5.432 -5.165 -4.869 -4.779 -4.705 -5.673 -5.165
22.45 -0.309 9.4 -0.794 -0.553 -1.208 14.636 10.348 9.462 10.255 14.669 12.497 14.039 12.949 -1.09 -1.664 -2.134 12.762 15.343 nan nan nan nan nan -1.611 -5.573 1.087 2.882 -5.428 -4.798 -4.183 -4.353 -4.582 -3.865 -5.183 -6.099 -4.305
22.55 -0.031 9.084 -0.509 -0.701 -0.231 14.216 10.107 9.525 10.142 14.762 11.919 11.822 -0.311 -1.125 -0.999 -1.001 -1.204 -0.961 7.498 -1.069 -1.639 -1.456 8.029 -1.158 -5.71 -1.807 2.755 -5.518 -4.615 -3.873 -3.483 -3.004 -4.612 -4.747 -6.112 -5.514
22.65 1.294 9.944 0.839 0.095 14.72 15.914 10.903 10.914 11.038 16.556 12.266 13.488 -0.313 -0.299 -0.037 11.829 14.262 16.368 8.887 14.959 14.06 9.851 8.59 0.476 -5.75 0.929 2.732 -5.522 -4.778 -3.688 -3.515 -3.362 -4.445 -5.764 -5.656 -5.422
22.75 0.336 9.61 -0.138 -0.398 -0.071 15.021 10.638 10.048 10.571 15.478 10.915 13.237 -0.255 -0.863 -1.013 -0.879 13.28 15.702 9.862 15.331 14.587 10.872 9.611 -0.522 -5.139 1.524 3.318 -4.953 -4.043 -2.837 -3.405 -3.676 -4.986 -5.337 -5.01 nan
