output/tables/Kasen/red.dat
# %ECSV 1.0
# ---
# datatype:
# - {name: time, datatype: float64}
# - {name: wfc3_uvis1_f200lp, datatype: float64}
# - {name: wfc3_uvis1_f300x, datatype: float64}
# - {name: wfc3_uvis1_f350lp, datatype: float64}
# - {name: wfc3_uvis1_f475x, datatype: float64}
# - {name: wfc3_uvis1_f600lp, datatype: float64}
# - {name: wfc3_uvis1_f850lp, datatype: float64}
# - {name: wfc3_uvis1_f218w, datatype: float64}
# - {name: wfc3_uvis1_f225w, datatype: float64}
# - {name: wfc3_uvis1_f275w, datatype: float64}
# - {name: wfc3_uvis1_f336w, datatype: float64}
# - {name: wfc3_uvis1_f390w, datatype: float64}
# - {name: wfc3_uvis1_f438w, datatype: float64}
# - {name: wfc3_uvis1_f475w, datatype: float64}
# - {name: wfc3_uvis1_f555w, datatype: float64}
# - {name: wfc3_uvis1_f606w, datatype: float64}
# - {name: wfc3_uvis1_f625w, datatype: float64}
# - {name: wfc3_uvis1_f775w, datatype: float64}
# - {name: wfc3_uvis1_f814w, datatype: float64}
# - {name: wfc3_ir_f105w, datatype: float64}
# - {name: wfc3_ir_f110w, datatype: float64}
# - {name: wfc3_ir_f125w, datatype: float64}
# - {name: wfc3_ir_f140w, datatype: float64}
# - {name: wfc3_ir_f160w, datatype: float64}
# - {name: jwst_nircam_f070w, datatype: float64}
# - {name: jwst_nircam_f090w, datatype: float64}
# - {name: jwst_nircam_f115w, datatype: float64}
# - {name: jwst_nircam_f150w, datatype: float64}
# - {name: jwst_nircam_f150w2, datatype: float64}
# - {name: jwst_nircam_f200w, datatype: float64}
# - {name: jwst_nircam_f277w, datatype: float64}
# - {name: jwst_nircam_f322w2, datatype: float64}
# - {name: jwst_nircam_f356w, datatype: float64}
# - {name: jwst_nircam_f444w, datatype: float64}
# - {name: jwst_miri_f0560w, datatype: float64}
# - {name: jwst_miri_f0770w, datatype: float64}
# - {name: jwst_miri_f1000w, datatype: float64}
# meta: !!omap
# - comment: [type = Kasen, name = red, model = knova_d1_n10_m0.035_vk0.15_Xlan1e-2.0.h5]
# schema: astropy-2.0
time wfc3_uvis1_f200lp wfc3_uvis1_f300x wfc3_uvis1_f350lp wfc3_uvis1_f475x wfc3_uvis1_f600lp wfc3_uvis1_f850lp wfc3_uvis1_f218w wfc3_uvis1_f225w wfc3_uvis1_f275w wfc3_uvis1_f336w wfc3_uvis1_f390w wfc3_uvis1_f438w wfc3_uvis1_f475w wfc3_uvis1_f555w wfc3_uvis1_f606w wfc3_uvis1_f625w wfc3_uvis1_f775w wfc3_uvis1_f814w wfc3_ir_f105w wfc3_ir_f110w wfc3_ir_f125w wfc3_ir_f140w wfc3_ir_f160w jwst_nircam_f070w jwst_nircam_f090w jwst_nircam_f115w jwst_nircam_f150w jwst_nircam_f150w2 jwst_nircam_f200w jwst_nircam_f277w jwst_nircam_f322w2 jwst_nircam_f356w jwst_nircam_f444w jwst_miri_f0560w jwst_miri_f0770w jwst_miri_f1000w
[from data line 249]
22.95 1.256 10.377 0.791 0.135 14.394 15.996 11.445 10.937 11.769 16.166 13.082 13.76 0.756 -0.273 -0.104 -0.447 14.132 16.448 nan nan nan nan nan 0.836 -5.41 1.261 3.089 -4.981 -0.215 -3.553 -3.896 -4.171 -5.111 -5.161 -5.246 -4.024
23.05 nan nan nan nan nan nan nan nan nan nan nan nan nan nan nan nan nan nan nan nan nan nan nan 0.868 -5.374 1.296 3.115 -5.033 -3.626 -3.097 -3.513 -3.855 -5.083 -5.232 -4.803 -3.877
23.15 0.208 9.427 -0.282 0.122 -0.9 12.939 10.491 9.53 10.115 15.15 11.101 12.73 -0.258 -0.288 -0.036 8.288 -1.871 -1.601 11.181 15.325 16.725 12.237 10.976 -1.084 -5.029 1.634 3.43 -4.861 -4.314 -3.704 -3.691 -3.738 -3.545 -5.246 -5.381 6.075
23.25 1.25 10.881 0.767 0.7 2.511 16.901 12.075 10.991 11.534 16.497 14.732 15.492 15.361 0.202 -0.123 -0.646 14.074 16.775 nan nan nan nan nan 2.139 -4.099 2.568 4.369 -3.779 -2.738 1.959 -1.849 -2.629 -2.929 -3.47 -4.456 nan
23.35 1.106 10.046 0.645 -0.051 14.407 15.495 10.973 10.781 11.12 16.264 11.27 13.849 -0.411 -0.46 -0.235 4.371 14.068 16.339 nan nan nan nan nan 2.104 -4.128 2.536 4.323 -3.922 -3.109 -2.305 -2.476 -1.994 -3.529 -4.844 -3.963 6.154
23.45 nan nan nan nan nan nan nan nan nan nan nan nan nan nan nan nan nan nan nan nan nan nan nan 1.551 -4.701 1.974 3.815 -4.212 3.198 -3.075 -3.664 -4.078 -3.409 0.628 -5.246 5.847
23.55 1.569 10.623 1.062 13.338 -0.043 -1.875 11.379 9.42 10.889 17.581 17.759 13.488 17.522 14.113 11.946 14.461 8.2 -0.753 7.509 6.984 13.0 9.347 8.344 1.868 -4.444 2.292 4.132 -3.894 3.515 -2.199 -2.302 -2.437 -3.411 -4.805 -3.408 -2.651
23.65 nan nan nan nan nan nan nan nan nan nan nan nan nan nan nan nan nan nan nan nan nan nan nan 1.516 -4.736 1.94 3.78 -4.246 3.163 -2.209 -2.948 -3.385 -4.303 -4.041 -4.989 -4.125
23.75 nan nan nan nan nan nan nan nan nan nan nan nan nan nan nan nan nan nan nan nan nan nan nan 1.52 -4.732 1.944 3.784 -4.242 3.167 -3.045 -3.391 -3.706 -3.002 -4.47 -4.063 -5.04
23.85 nan nan nan nan nan nan nan nan nan nan nan nan nan nan nan nan nan nan nan nan nan nan nan 1.693 -4.559 2.117 3.957 -4.069 3.34 1.493 4.893 7.294 -3.921 -4.514 -4.484 -3.933
23.95 nan nan nan nan nan nan nan nan nan nan nan nan nan nan nan nan nan nan nan nan nan nan nan 2.469 -3.782 2.893 4.733 -3.293 4.116 2.549 -2.027 -2.816 -2.958 -3.869 -4.094 5.911
24.05 1.503 10.791 0.996 13.441 -0.106 6.559 11.572 10.257 11.257 16.173 16.912 15.371 17.65 11.124 11.184 15.949 -1.096 -0.825 9.5 14.809 14.966 9.286 8.516 2.49 -3.839 2.916 4.756 -3.27 4.139 -2.199 -2.422 -2.646 -2.925 -2.97 -4.243 nan
24.15 nan nan nan nan nan nan nan nan nan nan nan nan nan nan nan nan nan nan nan nan nan nan nan 2.846 -3.406 3.27 5.11 -2.916 4.493 2.994 -2.461 -3.248 -2.726 -3.327 -3.397 5.991
24.25 nan nan nan nan nan nan nan nan nan nan nan nan nan nan nan nan nan nan nan nan nan nan nan 2.286 -3.966 2.71 4.55 -3.476 3.933 2.661 -2.667 -3.43 -3.672 -4.403 -3.314 nan
24.35 nan nan nan nan nan nan nan nan nan nan nan nan nan nan nan nan nan nan nan nan nan nan nan 1.733 -4.519 2.157 3.997 -4.029 3.38 1.454 -1.683 -2.478 4.222 -2.962 -4.587 -4.772
24.45 nan nan nan nan nan nan nan nan nan nan nan nan nan nan nan nan nan nan nan nan nan nan nan 2.756 -3.496 3.179 5.02 -3.006 4.403 -0.907 -2.377 -3.042 6.392 -0.893 4.983 -4.1
24.55 nan nan nan nan nan nan nan nan nan nan nan nan nan nan nan nan nan nan nan nan nan nan nan 3.214 -3.038 3.638 5.478 -2.548 4.861 3.12 6.387 15.561 6.394 -2.946 -3.846 nan
24.65 nan nan nan nan nan nan nan nan nan nan nan nan nan nan nan nan nan nan nan nan nan nan nan 4.468 -1.784 4.891 6.732 -1.295 6.115 4.065 7.519 16.814 7.91 6.488 -2.904 nan
24.75 nan nan nan nan nan nan nan nan nan nan nan nan nan nan nan nan nan nan nan nan nan nan nan 3.544 -2.708 3.967 5.808 -2.219 5.191 3.141 6.595 15.89 6.986 1.843 -3.308 nan
24.85 nan nan nan nan nan nan nan nan nan nan nan nan nan nan nan nan nan nan nan nan nan nan nan 2.57 -3.681 2.994 4.834 -3.192 4.217 -2.276 -2.388 -2.533 0.598 -4.605 -3.169 nan
24.95 nan nan nan nan nan nan nan nan nan nan nan nan nan nan nan nan nan nan nan nan nan nan nan 2.161 -4.09 2.585 4.425 -3.601 3.808 -2.245 -2.348 -2.476 -3.048 -3.359 -4.15 -3.797
