output/tables/Kasen/red_m0.030_v0.20.dat
# %ECSV 1.0
# ---
# datatype:
# - {name: time, datatype: float64}
# - {name: wfc3_uvis1_f200lp, datatype: float64}
# - {name: wfc3_uvis1_f300x, datatype: float64}
# - {name: wfc3_uvis1_f350lp, datatype: float64}
# - {name: wfc3_uvis1_f475x, datatype: float64}
# - {name: wfc3_uvis1_f600lp, datatype: float64}
# - {name: wfc3_uvis1_f850lp, datatype: float64}
# - {name: wfc3_uvis1_f218w, datatype: float64}
# - {name: wfc3_uvis1_f225w, datatype: float64}
# - {name: wfc3_uvis1_f275w, datatype: float64}
# - {name: wfc3_uvis1_f336w, datatype: float64}
# - {name: wfc3_uvis1_f390w, datatype: float64}
# - {name: wfc3_uvis1_f438w, datatype: float64}
# - {name: wfc3_uvis1_f475w, datatype: float64}
# - {name: wfc3_uvis1_f555w, datatype: float64}
# - {name: wfc3_uvis1_f606w, datatype: float64}
# - {name: wfc3_uvis1_f625w, datatype: float64}
# - {name: wfc3_uvis1_f775w, datatype: float64}
# - {name: wfc3_uvis1_f814w, datatype: float64}
# - {name: wfc3_ir_f105w, datatype: float64}
# - {name: wfc3_ir_f110w, datatype: float64}
# - {name: wfc3_ir_f125w, datatype: float64}
# - {name: wfc3_ir_f140w, datatype: float64}
# - {name: wfc3_ir_f160w, datatype: float64}
# - {name: jwst_nircam_f070w, datatype: float64}
# - {name: jwst_nircam_f090w, datatype: float64}
# - {name: jwst_nircam_f115w, datatype: float64}
# - {name: jwst_nircam_f150w, datatype: float64}
# - {name: jwst_nircam_f150w2, datatype: float64}
# - {name: jwst_nircam_f200w, datatype: float64}
# - {name: jwst_nircam_f277w, datatype: float64}
# - {name: jwst_nircam_f322w2, datatype: float64}
# - {name: jwst_nircam_f356w, datatype: float64}
# - {name: jwst_nircam_f444w, datatype: float64}
# - {name: jwst_miri_f0560w, datatype: float64}
# - {name: jwst_miri_f0770w, datatype: float64}
# - {name: jwst_miri_f1000w, datatype: float64}
# meta: !!omap
# - comment: [type = Kasen, name = red_m0.030_v0.20, model = knova_d1_n10_m0.030_vk0.20_Xlan1e-2.0.h5]
# schema: astropy-2.0
time wfc3_uvis1_f200lp wfc3_uvis1_f300x wfc3_uvis1_f350lp wfc3_uvis1_f475x wfc3_uvis1_f600lp wfc3_uvis1_f850lp wfc3_uvis1_f218w wfc3_uvis1_f225w wfc3_uvis1_f275w wfc3_uvis1_f336w wfc3_uvis1_f390w wfc3_uvis1_f438w wfc3_uvis1_f475w wfc3_uvis1_f555w wfc3_uvis1_f606w wfc3_uvis1_f625w wfc3_uvis1_f775w wfc3_uvis1_f814w wfc3_ir_f105w wfc3_ir_f110w wfc3_ir_f125w wfc3_ir_f140w wfc3_ir_f160w jwst_nircam_f070w jwst_nircam_f090w jwst_nircam_f115w jwst_nircam_f150w jwst_nircam_f150w2 jwst_nircam_f200w jwst_nircam_f277w jwst_nircam_f322w2 jwst_nircam_f356w jwst_nircam_f444w jwst_miri_f0560w jwst_miri_f0770w jwst_miri_f1000w
[from data line 186]
16.65 -6.98 1.472 -7.474 -6.35 -8.35 -8.949 2.378 2.019 2.998 4.344 -3.246 -4.811 -6.058 -6.769 -7.299 -7.534 -8.521 -8.665 -8.875 -9.066 -9.186 -9.391 -9.61 -8.123 -11.845 -8.99 -9.532 -11.883 -11.507 -12.172 -11.658 -10.694 -9.043 -10.788 -10.666 -11.711
16.75 -6.589 1.41 -7.079 -6.285 -7.855 -8.474 2.454 2.456 3.374 4.898 -3.716 -4.948 -5.952 -6.679 -7.086 -7.32 -7.905 -8.108 -8.346 -8.549 -8.686 -8.897 -9.141 -7.682 -11.497 -8.499 -9.077 -11.523 -11.165 -11.788 -11.251 -10.186 -8.809 -10.595 -10.285 -11.472
16.85 -6.162 2.143 -6.653 -5.765 -7.471 -8.017 3.207 2.899 3.857 5.103 -2.504 -4.322 -5.483 -6.182 -6.654 -6.9 -7.51 -7.665 -7.969 -8.091 -8.165 -8.462 -8.861 -7.369 -11.159 -8.014 -8.77 -11.189 -10.798 -11.44 -10.884 -9.73 -8.563 -10.252 -10.0 -11.169
16.95 -5.76 2.465 -6.248 -5.617 -6.952 -7.441 3.326 3.347 4.24 5.596 -2.597 -4.066 -5.345 -6.021 -6.351 -6.57 -7.021 -7.174 -7.387 -7.567 -7.719 -7.865 -8.231 -6.885 -10.797 -7.593 -8.138 -10.819 -10.416 -11.012 -10.435 -9.174 -8.048 -10.005 -9.487 -10.961
17.05 -5.284 3.16 -5.771 -5.261 -6.435 -6.756 3.991 3.903 4.762 6.074 -2.268 -3.672 -5.175 -5.661 -5.977 -6.069 -6.51 -6.588 -6.632 -7.07 -7.263 -7.414 -7.666 -6.481 -10.401 -7.077 -7.62 -10.426 -10.065 -10.584 -10.006 -8.727 -7.682 -9.685 -9.13 -10.644
17.15 -5.006 3.064 -5.487 -5.277 -5.943 -6.327 3.82 4.239 5.066 6.459 -2.61 -3.625 -5.15 -5.661 -5.859 -5.936 -5.848 -6.036 -6.115 -6.218 -6.358 -6.361 -6.798 -5.976 -9.979 -6.385 -6.693 -9.981 -9.696 -10.133 -9.564 -8.366 -7.302 -9.218 -8.567 -10.283
17.25 -4.381 3.308 -4.859 -4.797 -5.149 -5.309 4.18 4.92 5.603 7.25 -2.438 -3.632 -4.708 -5.145 -5.188 -5.155 -5.435 -5.432 -4.886 -5.444 -5.797 -5.913 -6.149 -5.346 -9.366 -5.652 -6.074 -9.441 -9.269 -9.574 -8.976 -7.606 -6.649 -8.495 -8.286 -9.518
17.35 -4.358 4.092 -4.835 -4.841 -5.075 -5.304 4.992 5.013 5.7 7.291 -0.633 -2.629 -4.749 -5.244 -5.277 -5.233 -5.098 -5.219 -4.482 -4.951 -5.041 -5.4 -5.47 -5.245 -8.798 -4.701 -5.57 -8.9 -8.783 -8.869 -8.295 -7.034 -6.43 -7.918 -7.875 -9.082
17.45 -4.239 4.484 -4.717 -4.733 -4.919 -4.882 5.398 5.208 5.944 7.017 -0.36 -1.226 -4.589 -5.147 -5.27 -5.239 -4.938 -4.936 -4.449 -4.383 -4.337 -4.195 -5.026 -5.119 -8.332 -4.604 -4.523 -8.468 -8.338 -8.493 -7.926 -6.677 -6.664 -7.813 -7.44 -8.218
17.55 -4.016 4.185 -4.496 -4.419 -4.812 -4.223 5.322 5.473 6.121 7.204 -0.134 -1.773 -4.225 -4.83 -4.987 -5.033 -5.038 -4.863 -4.044 -4.25 -4.465 -4.105 -4.032 -5.132 -7.966 -4.179 -4.069 -7.999 -7.605 -7.887 -7.384 -6.423 -6.431 -7.508 -7.117 -7.921
17.65 -3.906 4.501 -4.386 -4.395 -4.475 -4.5 5.321 5.53 6.257 7.617 -0.8 -1.924 -3.672 -4.805 -4.916 -5.174 -4.677 -4.627 -4.237 -3.868 -3.528 -3.367 -4.35 -4.52 -7.695 -3.91 -4.068 -7.724 -7.451 -7.582 -7.069 -6.075 -6.597 -6.949 -6.823 -7.379
17.75 -3.513 5.573 -3.994 -3.925 -4.335 -4.315 6.497 5.861 6.751 8.798 7.864 6.265 -3.679 -4.36 -4.478 -4.521 -4.376 -4.404 -3.221 -2.989 -2.385 -3.615 -4.101 -4.476 -7.5 -2.629 -4.007 -7.397 -6.759 -7.321 -6.791 -5.794 -5.634 -7.241 -6.879 -7.122
17.85 -3.42 5.361 -3.901 -3.848 -4.151 -4.572 6.283 5.932 6.735 8.213 3.39 -0.763 -3.264 -4.276 -4.41 -4.649 -3.919 -4.198 -3.242 -2.798 3.014 -2.576 -3.517 -4.229 -7.332 -2.139 -3.215 -7.14 -6.402 -6.8 -6.404 -5.83 -6.432 -6.578 -7.038 -6.845
17.95 -3.301 6.0 -3.782 -3.763 -3.979 -3.838 6.944 6.221 7.059 9.207 8.223 9.56 -3.002 -4.223 -4.436 -4.704 -3.517 -3.674 -3.435 -3.033 -2.686 -2.646 -3.32 -4.248 -6.927 -2.829 -3.121 -6.758 -6.229 -6.444 -6.043 -5.375 -6.065 -6.592 -6.344 -6.159
18.05 -3.067 5.654 -3.547 -3.512 -3.817 -3.121 6.531 6.514 7.276 11.392 -0.188 -0.718 -2.719 -3.957 -4.339 -4.654 -1.316 -2.219 -2.596 -2.589 -2.422 -2.815 -3.137 -4.037 -7.011 -2.245 -2.895 -6.788 -6.03 -6.606 -6.211 -5.524 -6.09 -6.333 -6.793 -6.413
18.15 -1.93 7.073 -2.406 -2.507 -2.409 -1.787 8.057 7.676 8.405 9.145 9.801 10.074 -2.239 -2.947 -3.103 -3.126 -2.212 -2.183 -1.2 -0.615 11.014 8.212 7.173 -2.676 -6.849 -0.176 1.621 -6.659 -5.947 -5.706 -5.623 -5.556 -5.889 -6.272 -6.872 -6.493
18.25 -2.006 6.93 -2.486 -2.417 -2.812 12.157 7.964 7.648 8.264 12.938 9.675 0.306 -2.118 -2.889 -3.213 -3.429 -1.956 -1.686 7.3 13.135 12.879 7.939 -2.028 -3.165 -6.663 0.001 -1.857 -6.437 -5.434 -5.436 -5.396 -5.351 -5.839 -6.515 -6.731 -5.752
18.35 -1.777 7.443 -2.254 -2.387 -2.251 12.72 8.414 7.919 8.632 10.115 9.615 10.847 -2.161 -2.827 -3.035 -3.147 -1.662 -1.353 6.9 12.333 11.758 4.721 -2.711 -2.78 -6.797 -0.114 -2.614 -6.45 -5.097 -5.158 -5.351 -5.538 -5.655 -6.755 -6.764 -5.583
18.45 -1.344 7.878 -1.823 -1.99 -1.479 10.677 8.806 8.282 9.014 11.499 9.337 11.176 -0.904 -2.433 -2.614 -2.921 -1.094 -0.814 16.824 20.564 21.901 17.377 16.229 -1.733 -6.407 0.266 2.079 -6.124 -5.223 -4.831 -4.815 -4.776 -5.439 -5.493 -6.716 -6.008
18.55 2.708 12.026 2.214 14.897 1.088 -0.929 13.515 11.348 12.198 24.861 19.921 23.017 15.977 13.145 14.975 17.198 18.113 8.737 -1.32 -0.745 11.341 7.236 -1.889 -0.008 -6.258 0.317 -1.838 -5.945 -4.662 -3.942 -4.296 -4.61 -5.351 -5.659 -6.457 -5.296
18.65 -0.281 9.104 -0.764 -0.791 -0.57 -1.332 10.086 9.229 9.91 12.051 10.971 12.496 -0.073 -1.242 -1.251 -1.401 -1.105 -0.857 -1.303 -0.733 11.708 8.841 8.223 -1.152 -6.286 0.397 2.215 -5.946 -4.736 -3.941 -3.986 -4.071 -5.43 -6.397 -6.152 -5.469
18.75 0.442 10.232 -0.064 7.03 -1.156 14.659 11.201 10.02 11.082 10.718 16.046 13.746 16.548 5.498 6.078 8.356 -2.128 -1.84 nan nan nan nan nan -1.913 -6.191 0.48 2.298 -5.838 -4.518 -3.616 -4.255 -4.618 -5.505 -5.822 -6.246 -4.922
18.85 0.432 10.044 -0.05 -0.141 2.046 15.636 11.125 10.155 10.707 15.742 13.771 14.949 14.351 -0.636 -0.934 -1.453 13.262 15.842 nan nan nan nan nan 0.235 -6.006 0.668 2.502 -5.569 -3.633 -3.128 -4.139 -4.657 -5.126 -5.759 -5.72 -4.944
18.95 1.1 11.014 0.608 2.097 -0.477 16.035 12.534 10.91 12.231 16.067 16.179 15.766 18.88 1.343 -0.228 -0.725 14.805 16.667 nan nan nan nan nan -1.114 -5.924 0.75 2.583 -5.478 -2.733 -2.074 -3.264 -3.735 -5.32 -5.681 -6.08 -3.973
19.05 1.165 10.917 0.679 1.056 -0.116 16.854 12.034 10.929 11.909 16.104 15.258 15.439 17.555 0.48 -0.195 -0.668 14.182 16.843 nan nan nan nan nan -0.881 -5.866 0.808 2.644 -5.406 -2.726 -3.029 -3.574 -3.773 -5.279 -5.731 -5.812 -4.919
19.15 nan nan nan nan nan nan nan nan nan nan nan nan nan nan nan nan nan nan nan nan nan nan nan 0.396 -5.844 0.84 2.673 -5.371 -2.042 -3.393 -4.008 -4.407 -5.238 -5.723 -5.796 -4.785
19.25 nan nan nan nan nan nan nan nan nan nan nan nan nan nan nan nan nan nan nan nan nan nan nan 0.674 -5.578 1.097 2.938 -5.089 2.321 -2.859 -3.624 -4.07 -4.878 -5.509 -5.683 -3.922
19.35 nan nan nan nan nan nan nan nan nan nan nan nan nan nan nan nan nan nan nan nan nan nan nan 1.094 -5.158 1.518 3.356 -4.683 -1.609 -2.64 -3.533 -3.923 -4.373 -5.203 -5.173 nan
19.45 nan nan nan nan nan nan nan nan nan nan nan nan nan nan nan nan nan nan nan nan nan nan nan 1.193 -5.058 1.617 3.456 -4.591 2.839 0.647 -2.893 -3.673 -4.134 -5.224 -5.241 0.912
19.55 nan nan nan nan nan nan nan nan nan nan nan nan nan nan nan nan nan nan nan nan nan nan nan 1.245 -5.006 1.669 3.51 -4.517 2.893 -1.54 -2.944 -3.299 -4.616 -4.662 -4.858 -3.788
19.65 nan nan nan nan nan nan nan nan nan nan nan nan nan nan nan nan nan nan nan nan nan nan nan 1.176 -5.075 1.6 3.44 -4.586 2.823 1.206 -2.9 -3.686 -4.389 -5.238 -5.046 -3.685
19.75 nan nan nan nan nan nan nan nan nan nan nan nan nan nan nan nan nan nan nan nan nan nan nan 1.869 -4.383 2.293 4.133 -3.893 3.516 -1.914 -1.59 0.274 -4.601 -4.489 3.57 -3.76
19.85 nan nan nan nan nan nan nan nan nan nan nan nan nan nan nan nan nan nan nan nan nan nan nan 2.038 -4.214 2.461 4.302 -3.725 3.685 -1.927 -1.164 5.206 -3.985 -4.282 -4.532 nan
19.95 nan nan nan nan nan nan nan nan nan nan nan nan nan nan nan nan nan nan nan nan nan nan nan 2.093 -4.158 2.517 4.354 -3.709 -1.592 2.923 -2.807 -3.585 -4.209 -4.333 -3.604 nan
20.05 nan nan nan nan nan nan nan nan nan nan nan nan nan nan nan nan nan nan nan nan nan nan nan 1.885 -4.366 2.309 4.15 -3.877 3.533 1.825 5.103 7.165 -3.462 -4.79 -3.797 nan
20.15 nan nan nan nan nan nan nan nan nan nan nan nan nan nan nan nan nan nan nan nan nan nan nan 2.294 -3.958 2.718 4.558 -3.468 3.941 2.529 -2.135 -2.725 -3.346 -4.421 -3.54 nan
20.25 nan nan nan nan nan nan nan nan nan nan nan nan nan nan nan nan nan nan nan nan nan nan nan 1.565 -4.687 1.988 3.829 -4.198 3.212 -1.753 -2.869 -3.44 -4.741 -3.777 -4.366 -3.955
20.35 nan nan nan nan nan nan nan nan nan nan nan nan nan nan nan nan nan nan nan nan nan nan nan 2.31 -3.939 2.735 4.572 -3.491 3.955 0.257 -2.083 -2.76 -4.116 -3.23 -3.746 0.485
20.45 nan nan nan nan nan nan nan nan nan nan nan nan nan nan nan nan nan nan nan nan nan nan nan 2.732 -3.52 3.156 4.996 -3.03 4.379 2.89 -2.496 -3.283 -2.117 -2.619 -3.671 nan
20.55 nan nan nan nan nan nan nan nan nan nan nan nan nan nan nan nan nan nan nan nan nan nan nan 2.679 -3.571 3.103 4.939 -3.148 4.323 1.542 -1.335 -2.115 -1.744 -0.253 -4.48 nan
20.65 nan nan nan nan nan nan nan nan nan nan nan nan nan nan nan nan nan nan nan nan nan nan nan 2.232 -4.02 2.655 4.496 -3.53 3.879 -1.832 -2.362 -2.756 -2.447 -3.905 -4.572 nan
20.75 nan nan nan nan nan nan nan nan nan nan nan nan nan nan nan nan nan nan nan nan nan nan nan 2.793 -3.459 3.217 5.057 -2.969 4.44 3.002 -2.079 -2.816 -3.525 -0.09 -4.044 nan
20.85 nan nan nan nan nan nan nan nan nan nan nan nan nan nan nan nan nan nan nan nan nan nan nan 2.172 -4.089 2.605 4.442 -3.586 3.823 -1.482 -2.488 -3.005 -3.957 -3.65 -3.711 -3.567
20.95 nan nan nan nan nan nan nan nan nan nan nan nan nan nan nan nan nan nan nan nan nan nan nan 2.835 -3.417 3.259 5.099 -2.927 4.482 1.192 -1.807 -2.575 -3.353 -3.887 -2.036 nan
21.05 nan nan nan nan nan nan nan nan nan nan nan nan nan nan nan nan nan nan nan nan nan nan nan 2.641 -3.611 3.065 4.905 -3.121 4.288 2.563 -1.206 -1.992 -2.636 -1.825 -3.619 -1.298
21.15 nan nan nan nan nan nan nan nan nan nan nan nan nan nan nan nan nan nan nan nan nan nan nan 3.561 -2.691 3.984 5.825 -2.202 5.208 3.158 6.612 15.907 7.003 -2.751 5.107 -3.439
21.25 nan nan nan nan nan nan nan nan nan nan nan nan nan nan nan nan nan nan nan nan nan nan nan 2.836 -3.415 3.26 5.1 -2.926 4.483 3.292 -0.339 0.548 -3.469 -4.119 -2.828 nan
21.35 nan nan nan nan nan nan nan nan nan nan nan nan nan nan nan nan nan nan nan nan nan nan nan 3.287 -2.965 3.711 5.551 -2.475 4.934 3.28 -1.097 -1.886 -2.532 -2.487 -3.39 nan
21.45 nan nan nan nan nan nan nan nan nan nan nan nan nan nan nan nan nan nan nan nan nan nan nan 3.177 -3.075 3.6 5.441 -2.586 4.824 1.98 -2.259 -2.927 -1.886 3.931 -3.778 nan
21.55 nan nan nan nan nan nan nan nan nan nan nan nan nan nan nan nan nan nan nan nan nan nan nan 3.346 -2.906 3.77 5.61 -2.416 4.993 3.291 -1.17 -1.961 -2.221 -2.688 -3.372 nan
21.65 nan nan nan nan nan nan nan nan nan nan nan nan nan nan nan nan nan nan nan nan nan nan nan nan nan nan nan nan nan nan nan nan nan nan nan nan
21.75 nan nan nan nan nan nan nan nan nan nan nan nan nan nan nan nan nan nan nan nan nan nan nan 5.113 -1.139 5.536 7.377 -0.649 6.76 -1.597 -1.668 -1.777 10.96 nan nan nan
21.85 nan nan nan nan nan nan nan nan nan nan nan nan nan nan nan nan nan nan nan nan nan nan nan 2.758 -3.494 3.182 5.022 -3.004 4.405 -1.616 -1.867 -2.096 -1.849 -2.786 -4.123 nan
21.95 nan nan nan nan nan nan nan nan nan nan nan nan nan nan nan nan nan nan nan nan nan nan nan 3.611 -2.64 4.035 5.875 -2.151 5.258 4.354 -1.952 -2.7 -2.976 0.026 -2.644 nan
22.05 nan nan nan nan nan nan nan nan nan nan nan nan nan nan nan nan nan nan nan nan nan nan nan 3.478 -2.774 3.901 5.742 -2.284 5.125 -1.515 -0.761 8.496 -2.759 7.496 -3.422 nan
22.15 nan nan nan nan nan nan nan nan nan nan nan nan nan nan nan nan nan nan nan nan nan nan nan 5.16 -1.092 5.584 7.424 -0.602 6.807 9.261 8.912 17.38 7.198 -2.527 nan nan
22.25 nan nan nan nan nan nan nan nan nan nan nan nan nan nan nan nan nan nan nan nan nan nan nan 3.962 -2.29 4.386 6.226 -1.8 5.609 -1.525 -0.77 4.317 -1.876 -2.516 -2.083 nan
22.35 nan nan nan nan nan nan nan nan nan nan nan nan nan nan nan nan nan nan nan nan nan nan nan 4.597 -1.654 5.021 6.862 -1.165 6.245 4.769 8.086 10.005 -1.967 -0.723 6.327 nan
22.45 nan nan nan nan nan nan nan nan nan nan nan nan nan nan nan nan nan nan nan nan nan nan nan 3.415 -2.837 3.839 5.679 -2.347 5.062 3.74 -0.963 -1.754 6.619 -3.33 -3.196 nan
22.55 nan nan nan nan nan nan nan nan nan nan nan nan nan nan nan nan nan nan nan nan nan nan nan 6.079 -0.173 6.503 8.343 0.317 7.726 -1.428 -0.679 10.479 12.11 nan nan nan
22.65 nan nan nan nan nan nan nan nan nan nan nan nan nan nan nan nan nan nan nan nan nan nan nan nan nan nan nan nan nan nan nan nan nan nan nan nan
22.75 nan nan nan nan nan nan nan nan nan nan nan nan nan nan nan nan nan nan nan nan nan nan nan nan nan nan nan nan nan nan nan nan nan nan nan nan
22.85 nan nan nan nan nan nan nan nan nan nan nan nan nan nan nan nan nan nan nan nan nan nan nan 4.687 -1.565 5.111 6.951 -1.075 6.334 6.686 -1.138 -1.904 -1.656 -2.455 nan nan
22.95 nan nan nan nan nan nan nan nan nan nan nan nan nan nan nan nan nan nan nan nan nan nan nan nan nan nan nan nan nan nan nan nan nan nan nan nan
23.05 nan nan nan nan nan nan nan nan nan nan nan nan nan nan nan nan nan nan nan nan nan nan nan 5.655 -0.597 6.078 7.919 -0.108 7.302 10.646 6.186 6.408 -1.877 nan nan nan
23.15 nan nan nan nan nan nan nan nan nan nan nan nan nan nan nan nan nan nan nan nan nan nan nan nan nan nan nan nan nan nan nan nan nan nan nan nan
23.25 nan nan nan nan nan nan nan nan nan nan nan nan nan nan nan nan nan nan nan nan nan nan nan 5.276 -0.976 5.699 7.54 -0.487 6.923 4.873 8.327 17.622 8.718 -2.576 nan nan
23.35 nan nan nan nan nan nan nan nan nan nan nan nan nan nan nan nan nan nan nan nan nan nan nan 4.502 -1.749 4.926 6.766 -1.26 6.149 4.552 0.106 0.792 -1.876 nan -2.528 nan
23.45 nan nan nan nan nan nan nan nan nan nan nan nan nan nan nan nan nan nan nan nan nan nan nan 5.154 -1.097 5.578 7.418 -0.608 6.801 4.752 8.206 17.501 8.597 4.659 -2.047 nan
23.55 nan nan nan nan nan nan nan nan nan nan nan nan nan nan nan nan nan nan nan nan nan nan nan nan nan nan nan nan nan nan nan nan nan nan nan nan
23.65 nan nan nan nan nan nan nan nan nan nan nan nan nan nan nan nan nan nan nan nan nan nan nan nan nan nan nan nan nan nan nan nan nan nan nan nan
23.75 nan nan nan nan nan nan nan nan nan nan nan nan nan nan nan nan nan nan nan nan nan nan nan 4.847 -1.404 5.271 7.111 -0.915 6.494 4.445 7.899 17.194 8.29 nan -2.537 6.878
23.85 nan nan nan nan nan nan nan nan nan nan nan nan nan nan nan nan nan nan nan nan nan nan nan 5.004 -1.248 5.428 7.268 -0.758 6.651 4.602 8.056 17.351 8.447 nan -2.435 nan
23.95 nan nan nan nan nan nan nan nan nan nan nan nan nan nan nan nan nan nan nan nan nan nan nan nan nan nan nan nan nan nan nan nan nan nan nan nan
24.05 nan nan nan nan nan nan nan nan nan nan nan nan nan nan nan nan nan nan nan nan nan nan nan nan nan nan nan nan nan nan nan nan nan nan nan nan
24.15 nan nan nan nan nan nan nan nan nan nan nan nan nan nan nan nan nan nan nan nan nan nan nan 5.694 -0.558 6.118 7.958 -0.068 7.341 10.715 9.685 7.847 -1.838 nan nan nan
24.25 nan nan nan nan nan nan nan nan nan nan nan nan nan nan nan nan nan nan nan nan nan nan nan nan nan nan nan nan nan nan nan nan nan nan nan nan
24.35 nan nan nan nan nan nan nan nan nan nan nan nan nan nan nan nan nan nan nan nan nan nan nan 4.395 -1.857 4.818 6.659 -1.368 6.042 3.992 7.446 16.741 7.837 -2.373 -2.515 nan
24.45 nan nan nan nan nan nan nan nan nan nan nan nan nan nan nan nan nan nan nan nan nan nan nan 4.211 -2.041 4.634 6.475 -1.551 5.858 3.808 7.262 16.558 7.653 nan -3.236 nan
24.55 nan nan nan nan nan nan nan nan nan nan nan nan nan nan nan nan nan nan nan nan nan nan nan nan nan nan nan nan nan nan nan nan nan nan nan nan
24.65 nan nan nan nan nan nan nan nan nan nan nan nan nan nan nan nan nan nan nan nan nan nan nan nan nan nan nan nan nan nan nan nan nan nan nan nan
